Inference for the input samples (2 chains: each with iter=500; warmup=250):

                                 mean se_mean   sd   2.5%    25%    50%    75%  97.5% n_eff Rhat
alpha                            -1.3     0.1  1.1   -3.4   -2.0   -1.3   -0.6    0.9   199    1
alpha_age[1]                     -0.4     0.0  0.7   -1.7   -0.9   -0.4    0.0    1.0   210    1
alpha_age[2]                      0.4     0.0  0.7   -1.0   -0.1    0.4    0.9    1.5   371    1
alpha_age[3]                      0.0     0.0  0.7   -1.5   -0.4    0.0    0.4    1.2   500    1
alpha_eth[1]                     -0.2     0.0  0.7   -1.6   -0.7   -0.2    0.2    1.1   459    1
alpha_eth[2]                      0.2     0.0  0.7   -1.2   -0.3    0.2    0.6    1.5   500    1
alpha_eth[3]                     -0.7     0.0  0.7   -1.9   -1.1   -0.6   -0.2    0.6   500    1
alpha_eth[4]                      0.8     0.0  0.7   -0.5    0.4    0.8    1.3    2.3   398    1
alpha_edu[1]                     -1.1     0.0  0.6   -2.4   -1.5   -1.0   -0.6    0.0   169    1
alpha_edu[2]                      1.4     0.0  0.6    0.2    0.9    1.4    1.8    2.6   351    1
alpha_edu[3]                      0.9     0.0  0.6   -0.2    0.5    0.9    1.3    2.0   270    1
alpha_edu[4]                     -1.3     0.1  0.7   -2.6   -1.7   -1.2   -0.8   -0.1    97    1
alpha_sex[1]                      1.1     0.0  0.8   -0.4    0.6    1.1    1.7    2.8   278    1
alpha_sex[2]                     -1.1     0.0  0.8   -2.6   -1.6   -1.1   -0.5    0.6   500    1
alpha_inc[1]                     -0.8     0.0  0.6   -2.1   -1.2   -0.8   -0.4    0.4   337    1
alpha_inc[2]                      0.6     0.0  0.7   -0.6    0.1    0.6    1.0    1.9   232    1
alpha_inc[3]                      0.3     0.0  0.7   -1.0   -0.1    0.3    0.7    1.5   320    1
alpha_age_eth[1]                  0.1     0.0  1.0   -1.9   -0.6    0.0    0.7    2.1   500    1
alpha_age_eth[2]                 -0.2     0.0  1.0   -2.1   -0.9   -0.2    0.4    1.6   500    1
alpha_age_eth[3]                 -0.1     0.0  1.0   -1.8   -0.8   -0.1    0.6    2.0   500    1
alpha_age_eth[4]                  0.2     0.0  1.0   -2.0   -0.5    0.2    0.9    2.3   500    1
alpha_age_eth[5]                 -0.1     0.1  1.0   -1.9   -0.8   -0.2    0.6    2.1   356    1
alpha_age_eth[6]                  0.2     0.0  1.0   -1.7   -0.5    0.2    0.8    2.2   500    1
alpha_age_eth[7]                  0.0     0.1  1.1   -2.1   -0.8   -0.1    0.8    2.2   500    1
alpha_age_eth[8]                  0.0     0.0  0.9   -1.9   -0.6    0.0    0.6    1.9   500    1
alpha_age_eth[9]                  0.0     0.0  1.0   -1.7   -0.7   -0.1    0.7    1.8   500    1
alpha_age_eth[10]                 0.0     0.0  1.1   -2.0   -0.7   -0.1    0.8    2.1   500    1
alpha_age_eth[11]                 0.0     0.0  1.0   -2.1   -0.7    0.1    0.7    2.0   500    1
alpha_age_eth[12]                 0.0     0.0  1.0   -2.0   -0.7    0.0    0.7    1.9   500    1
alpha_age_edu[1]                 -0.2     0.0  0.9   -2.0   -0.9   -0.2    0.4    1.5   500    1
alpha_age_edu[2]                  0.5     0.0  1.0   -1.5   -0.1    0.6    1.2    2.4   500    1
alpha_age_edu[3]                 -0.1     0.0  1.0   -2.1   -0.8   -0.1    0.6    2.0   500    1
alpha_age_edu[4]                 -0.4     0.0  1.0   -2.3   -1.1   -0.4    0.4    1.6   500    1
alpha_age_edu[5]                 -0.1     0.0  0.9   -1.7   -0.7   -0.1    0.5    1.5   500    1
alpha_age_edu[6]                  0.1     0.0  1.0   -1.9   -0.6    0.1    0.8    1.9   500    1
alpha_age_edu[7]                 -0.2     0.0  1.0   -2.1   -0.7   -0.1    0.5    1.9   500    1
alpha_age_edu[8]                  0.3     0.0  0.9   -1.6   -0.3    0.3    1.0    2.2   500    1
alpha_age_edu[9]                  0.0     0.0  0.9   -1.6   -0.6    0.0    0.7    1.8   500    1
alpha_age_edu[10]                -0.2     0.0  0.9   -1.9   -0.8   -0.3    0.3    1.6   500    1
alpha_age_edu[11]                 0.4     0.0  1.0   -1.5   -0.3    0.4    1.1    2.2   500    1
alpha_age_edu[12]                -0.1     0.0  1.0   -2.0   -0.8   -0.1    0.5    2.0   500    1
alpha_age_sex[1]                  0.3     0.0  1.0   -1.8   -0.3    0.3    0.9    2.3   500    1
alpha_age_sex[2]                 -0.4     0.0  0.9   -2.2   -1.0   -0.4    0.3    1.4   500    1
alpha_age_sex[3]                 -0.1     0.0  1.0   -1.8   -0.7    0.0    0.6    1.8   500    1
alpha_age_sex[4]                  0.2     0.0  1.0   -1.7   -0.6    0.2    0.9    1.9   500    1
alpha_age_sex[5]                  0.0     0.0  1.1   -2.0   -0.7    0.0    0.8    2.0   500    1
alpha_age_sex[6]                  0.0     0.0  1.0   -1.8   -0.7    0.0    0.7    1.8   500    1
alpha_age_inc[1]                 -0.1     0.0  1.0   -2.0   -0.8   -0.1    0.5    1.8   500    1
alpha_age_inc[2]                  0.3     0.0  0.9   -1.6   -0.3    0.3    0.9    2.0   500    1
alpha_age_inc[3]                 -0.2     0.0  1.0   -2.1   -0.9   -0.2    0.5    1.7   500    1
alpha_age_inc[4]                  0.1     0.0  1.1   -1.9   -0.7    0.1    0.8    2.1   500    1
alpha_age_inc[5]                 -0.1     0.0  1.0   -2.1   -0.7   -0.1    0.5    1.7   500    1
alpha_age_inc[6]                  0.0     0.1  1.1   -2.4   -0.7    0.1    0.8    2.2   500    1
alpha_age_inc[7]                 -0.1     0.0  1.0   -2.3   -0.8   -0.1    0.6    2.0   500    1
alpha_age_inc[8]                 -0.1     0.0  1.0   -2.1   -0.7   -0.1    0.4    1.8   500    1
alpha_age_inc[9]                  0.3     0.1  0.9   -1.5   -0.3    0.3    0.9    2.0   279    1
alpha_eth_edu[1]                  0.1     0.0  0.9   -1.7   -0.6    0.1    0.7    1.9   500    1
alpha_eth_edu[2]                 -0.2     0.0  0.9   -2.0   -0.8   -0.2    0.4    1.7   500    1
alpha_eth_edu[3]                  0.0     0.0  1.0   -2.0   -0.7    0.0    0.7    2.0   500    1
alpha_eth_edu[4]                  0.1     0.0  0.9   -1.4   -0.6    0.1    0.7    1.9   500    1
alpha_eth_edu[5]                 -0.1     0.0  1.0   -2.0   -0.8   -0.2    0.5    1.8   500    1
alpha_eth_edu[6]                  0.1     0.0  1.0   -1.8   -0.6    0.1    0.7    2.1   500    1
alpha_eth_edu[7]                 -0.1     0.0  1.0   -2.0   -0.8    0.0    0.6    1.8   500    1
alpha_eth_edu[8]                  0.0     0.0  0.9   -1.8   -0.6    0.0    0.6    1.9   500    1
alpha_eth_edu[9]                 -0.2     0.0  1.1   -2.3   -0.9   -0.3    0.5    1.8   500    1
alpha_eth_edu[10]                -0.2     0.0  1.0   -2.0   -0.9   -0.2    0.4    1.6   500    1
alpha_eth_edu[11]                 0.2     0.0  1.0   -1.6   -0.4    0.3    0.9    2.2   500    1
alpha_eth_edu[12]                -0.1     0.0  0.9   -1.7   -0.7   -0.1    0.5    1.7   500    1
alpha_eth_edu[13]                 0.1     0.0  1.0   -1.7   -0.5    0.1    0.8    2.1   500    1
alpha_eth_edu[14]                 0.6     0.0  1.1   -1.6    0.0    0.6    1.4    2.5   500    1
alpha_eth_edu[15]                -0.2     0.0  1.0   -2.2   -0.9   -0.2    0.6    1.9   500    1
alpha_eth_edu[16]                -0.2     0.0  1.1   -2.3   -1.1   -0.3    0.5    1.8   500    1
alpha_sex_eth[1]                  0.1     0.0  0.9   -1.6   -0.6    0.1    0.8    2.0   500    1
alpha_sex_eth[2]                 -0.1     0.0  1.0   -2.1   -0.7   -0.1    0.6    1.7   500    1
alpha_sex_eth[3]                  0.0     0.0  0.9   -1.7   -0.6   -0.1    0.6    1.9   500    1
alpha_sex_eth[4]                  0.1     0.0  1.0   -2.0   -0.5    0.1    0.6    2.1   500    1
alpha_sex_eth[5]                 -0.1     0.0  1.0   -2.1   -0.7   -0.1    0.4    2.0   500    1
alpha_sex_eth[6]                  0.0     0.0  0.9   -1.6   -0.6    0.0    0.7    1.9   500    1
alpha_sex_eth[7]                 -0.1     0.0  1.0   -2.2   -0.8   -0.1    0.6    1.7   500    1
alpha_sex_eth[8]                  0.0     0.0  1.0   -2.0   -0.7    0.0    0.8    2.0   500    1
alpha_eth_inc[1]                  0.1     0.0  1.0   -1.9   -0.5    0.2    0.8    1.9   500    1
alpha_eth_inc[2]                 -0.2     0.0  1.0   -2.1   -0.9   -0.2    0.4    1.6   500    1
alpha_eth_inc[3]                  0.0     0.0  1.0   -1.7   -0.7    0.0    0.7    1.9   500    1
alpha_eth_inc[4]                 -0.1     0.0  1.0   -2.1   -0.9   -0.1    0.6    1.8   500    1
alpha_eth_inc[5]                 -0.1     0.0  1.0   -2.0   -0.8   -0.1    0.6    1.7   500    1
alpha_eth_inc[6]                  0.1     0.0  0.9   -1.8   -0.4    0.1    0.7    2.1   500    1
alpha_eth_inc[7]                 -0.3     0.0  1.0   -2.1   -1.0   -0.3    0.4    1.6   500    1
alpha_eth_inc[8]                  0.2     0.0  0.9   -1.7   -0.5    0.2    0.8    2.1   500    1
alpha_eth_inc[9]                 -0.1     0.0  0.9   -1.7   -0.7    0.0    0.6    1.7   500    1
alpha_eth_inc[10]                 0.1     0.0  1.0   -1.8   -0.6    0.1    0.8    2.3   500    1
alpha_eth_inc[11]                 0.1     0.0  1.0   -2.0   -0.5    0.1    0.7    2.1   500    1
alpha_eth_inc[12]                -0.1     0.0  1.0   -1.8   -0.8   -0.1    0.7    1.9   500    1
alpha_sex_edu[1]                 -0.1     0.0  1.0   -2.1   -0.8   -0.1    0.5    1.7   500    1
alpha_sex_edu[2]                  0.4     0.0  1.0   -1.5   -0.3    0.4    1.1    2.3   500    1
alpha_sex_edu[3]                  0.3     0.0  1.0   -1.5   -0.3    0.3    0.9    2.3   500    1
alpha_sex_edu[4]                 -0.2     0.1  1.0   -2.0   -0.9   -0.2    0.4    1.7   278    1
alpha_sex_edu[5]                 -0.1     0.0  0.9   -1.8   -0.6   -0.1    0.5    1.9   500    1
alpha_sex_edu[6]                 -0.1     0.0  1.0   -2.1   -0.8   -0.1    0.6    1.8   500    1
alpha_sex_edu[7]                 -0.2     0.0  0.9   -1.9   -0.7   -0.2    0.4    1.7   500    1
alpha_sex_edu[8]                  0.1     0.0  0.9   -1.7   -0.6    0.2    0.8    1.8   500    1
alpha_edu_inc[1]                  0.1     0.0  0.9   -1.7   -0.4    0.2    0.7    1.7   500    1
alpha_edu_inc[2]                 -0.3     0.0  0.9   -2.1   -0.9   -0.3    0.4    1.5   500    1
alpha_edu_inc[3]                 -0.1     0.0  1.0   -2.0   -0.8   -0.1    0.5    1.9   500    1
alpha_edu_inc[4]                  0.0     0.0  0.9   -1.8   -0.5    0.0    0.6    1.7   500    1
alpha_edu_inc[5]                 -0.1     0.0  0.9   -1.9   -0.6   -0.1    0.5    1.8   500    1
alpha_edu_inc[6]                  0.4     0.0  0.9   -1.4   -0.3    0.4    1.0    2.1   500    1
alpha_edu_inc[7]                 -0.5     0.0  1.0   -2.3   -1.2   -0.5    0.2    1.5   500    1
alpha_edu_inc[8]                  0.4     0.0  1.0   -1.6   -0.3    0.4    1.1    2.4   500    1
alpha_edu_inc[9]                  0.2     0.0  0.9   -1.6   -0.4    0.2    0.8    2.0   500    1
alpha_edu_inc[10]                 0.1     0.0  0.9   -1.7   -0.5    0.1    0.8    1.9   500    1
alpha_edu_inc[11]                 0.0     0.0  1.0   -1.8   -0.7   -0.1    0.6    1.8   500    1
alpha_edu_inc[12]                -0.3     0.0  0.9   -2.0   -1.0   -0.3    0.3    1.4   500    1
alpha_sex_inc[1]                  0.1     0.0  0.9   -1.8   -0.5    0.1    0.7    2.0   500    1
alpha_sex_inc[2]                 -0.2     0.0  1.0   -2.1   -1.0   -0.3    0.4    1.9   500    1
alpha_sex_inc[3]                  0.5     0.0  1.0   -1.6   -0.1    0.5    1.2    2.4   500    1
alpha_sex_inc[4]                 -0.2     0.0  1.0   -2.2   -0.9   -0.2    0.5    1.9   500    1
alpha_sex_inc[5]                  0.3     0.0  1.1   -1.7   -0.4    0.3    1.0    2.5   500    1
alpha_sex_inc[6]                 -0.4     0.1  1.0   -2.4   -1.1   -0.4    0.2    1.6   356    1
alpha_age_eth_edu[1]              0.1     0.0  1.1   -2.0   -0.7    0.1    0.8    2.1   500    1
alpha_age_eth_edu[2]              0.0     0.0  1.0   -1.8   -0.6    0.1    0.7    2.0   500    1
alpha_age_eth_edu[3]              0.0     0.0  1.1   -2.2   -0.7    0.0    0.8    2.3   500    1
alpha_age_eth_edu[4]             -0.1     0.0  0.9   -1.8   -0.7   -0.1    0.6    1.7   500    1
alpha_age_eth_edu[5]             -0.1     0.0  1.0   -2.0   -0.8    0.0    0.6    1.8   500    1
alpha_age_eth_edu[6]              0.1     0.0  0.9   -1.6   -0.5    0.1    0.7    1.8   500    1
alpha_age_eth_edu[7]             -0.2     0.0  1.0   -2.0   -0.9   -0.2    0.5    1.5   500    1
alpha_age_eth_edu[8]             -0.2     0.0  1.0   -2.1   -0.9   -0.2    0.5    1.7   500    1
alpha_age_eth_edu[9]             -0.1     0.0  1.0   -2.0   -0.8   -0.1    0.5    1.6   500    1
alpha_age_eth_edu[10]            -0.2     0.1  1.1   -2.3   -1.0   -0.3    0.6    2.1   500    1
alpha_age_eth_edu[11]             0.0     0.0  1.1   -2.1   -0.7    0.0    0.7    2.0   500    1
alpha_age_eth_edu[12]             0.0     0.0  0.9   -1.8   -0.5    0.1    0.6    2.0   500    1
alpha_age_eth_edu[13]             0.2     0.0  1.0   -1.7   -0.4    0.2    0.8    2.1   500    1
alpha_age_eth_edu[14]             0.1     0.0  1.0   -1.7   -0.6    0.1    0.8    2.1   500    1
alpha_age_eth_edu[15]             0.0     0.0  1.0   -1.9   -0.6    0.1    0.7    1.9   500    1
alpha_age_eth_edu[16]             0.0     0.0  1.1   -2.1   -0.7    0.0    0.7    1.9   500    1
alpha_age_eth_edu[17]             0.0     0.0  1.0   -1.8   -0.7    0.0    0.6    1.8   500    1
alpha_age_eth_edu[18]            -0.1     0.0  1.0   -1.9   -0.8   -0.1    0.5    1.8   500    1
alpha_age_eth_edu[19]            -0.2     0.0  0.9   -2.0   -0.8   -0.2    0.4    1.6   500    1
alpha_age_eth_edu[20]             0.3     0.0  1.0   -1.6   -0.4    0.3    0.9    2.1   500    1
alpha_age_eth_edu[21]             0.2     0.0  0.9   -1.5   -0.5    0.2    0.8    2.1   500    1
alpha_age_eth_edu[22]             0.1     0.0  1.1   -2.0   -0.6    0.1    0.8    2.2   500    1
alpha_age_eth_edu[23]             0.0     0.0  1.0   -2.0   -0.6    0.0    0.7    1.9   500    1
alpha_age_eth_edu[24]             0.0     0.0  1.0   -2.0   -0.7    0.0    0.8    2.0   500    1
alpha_age_eth_edu[25]            -0.1     0.0  1.0   -1.8   -0.7   -0.1    0.6    1.8   500    1
alpha_age_eth_edu[26]            -0.1     0.0  1.0   -2.2   -0.7   -0.1    0.5    2.0   500    1
alpha_age_eth_edu[27]             0.2     0.0  0.9   -1.6   -0.3    0.2    0.8    2.1   500    1
alpha_age_eth_edu[28]            -0.1     0.0  1.0   -1.9   -0.8   -0.1    0.5    1.9   500    1
alpha_age_eth_edu[29]            -0.2     0.0  1.0   -2.0   -0.9   -0.2    0.5    1.5   500    1
alpha_age_eth_edu[30]             0.1     0.0  0.9   -1.5   -0.5    0.1    0.7    1.9   500    1
alpha_age_eth_edu[31]            -0.1     0.0  0.9   -2.0   -0.6   -0.1    0.5    1.7   500    1
alpha_age_eth_edu[32]             0.1     0.0  1.0   -1.9   -0.7    0.0    0.8    2.1   500    1
alpha_age_eth_edu[33]             0.0     0.0  1.0   -1.8   -0.7    0.1    0.8    1.9   500    1
alpha_age_eth_edu[34]            -0.2     0.0  1.0   -2.0   -0.9   -0.2    0.5    1.8   500    1
alpha_age_eth_edu[35]             0.0     0.0  1.0   -2.0   -0.6    0.0    0.6    1.9   500    1
alpha_age_eth_edu[36]            -0.1     0.0  1.0   -2.1   -0.7    0.0    0.6    1.9   500    1
alpha_age_eth_edu[37]             0.0     0.0  1.0   -2.1   -0.7    0.0    0.7    1.8   500    1
alpha_age_eth_edu[38]            -0.2     0.0  1.0   -2.3   -0.9   -0.3    0.4    1.9   500    1
alpha_age_eth_edu[39]             0.2     0.0  1.0   -1.9   -0.5    0.2    0.8    2.1   500    1
alpha_age_eth_edu[40]             0.3     0.0  1.1   -1.9   -0.4    0.3    0.9    2.4   500    1
alpha_age_eth_edu[41]            -0.1     0.0  1.0   -1.9   -0.8   -0.1    0.7    1.9   500    1
alpha_age_eth_edu[42]             0.0     0.0  1.0   -1.8   -0.6    0.0    0.7    1.9   500    1
alpha_age_eth_edu[43]             0.1     0.0  1.0   -1.7   -0.6    0.1    0.8    2.0   500    1
alpha_age_eth_edu[44]             0.0     0.0  0.9   -1.8   -0.7    0.0    0.6    1.7   500    1
alpha_age_eth_edu[45]             0.0     0.0  1.0   -1.9   -0.6    0.1    0.7    2.2   500    1
alpha_age_eth_edu[46]             0.3     0.0  1.0   -1.7   -0.4    0.3    0.9    2.2   500    1
alpha_age_eth_edu[47]            -0.1     0.0  0.9   -1.9   -0.7   -0.1    0.5    1.8   500    1
alpha_age_eth_edu[48]            -0.3     0.0  1.0   -2.4   -1.0   -0.2    0.4    1.7   500    1
alpha_age_sex_eth[1]              0.0     0.0  1.0   -1.9   -0.7    0.0    0.7    2.0   500    1
alpha_age_sex_eth[2]              0.0     0.0  1.0   -1.9   -0.7    0.0    0.7    1.9   500    1
alpha_age_sex_eth[3]              0.0     0.0  1.1   -2.0   -0.8    0.0    0.7    2.1   500    1
alpha_age_sex_eth[4]              0.2     0.0  1.0   -1.7   -0.4    0.2    0.8    2.3   500    1
alpha_age_sex_eth[5]              0.0     0.0  0.9   -1.7   -0.7    0.0    0.7    1.9   500    1
alpha_age_sex_eth[6]             -0.2     0.0  1.1   -2.1   -1.0   -0.2    0.5    1.9   500    1
alpha_age_sex_eth[7]              0.0     0.0  1.0   -2.0   -0.7    0.0    0.7    1.9   500    1
alpha_age_sex_eth[8]              0.0     0.0  1.1   -2.0   -0.6    0.1    0.7    2.0   500    1
alpha_age_sex_eth[9]             -0.1     0.0  1.1   -2.2   -0.8   -0.1    0.7    1.9   500    1
alpha_age_sex_eth[10]            -0.1     0.0  1.1   -2.2   -0.8   -0.1    0.6    2.0   500    1
alpha_age_sex_eth[11]             0.0     0.0  1.0   -2.2   -0.7    0.0    0.7    1.8   500    1
alpha_age_sex_eth[12]             0.2     0.0  0.9   -1.7   -0.4    0.2    0.8    2.0   500    1
alpha_age_sex_eth[13]             0.0     0.0  0.9   -2.0   -0.6    0.0    0.6    1.8   500    1
alpha_age_sex_eth[14]             0.3     0.0  0.9   -1.8   -0.3    0.3    1.0    2.0   500    1
alpha_age_sex_eth[15]             0.0     0.0  1.0   -1.9   -0.7    0.0    0.6    1.8   500    1
alpha_age_sex_eth[16]            -0.2     0.0  0.9   -2.0   -0.8   -0.2    0.4    1.5   500    1
alpha_age_sex_eth[17]             0.1     0.0  1.0   -1.8   -0.6    0.1    0.7    2.0   500    1
alpha_age_sex_eth[18]             0.0     0.0  1.0   -1.8   -0.7    0.0    0.6    1.8   500    1
alpha_age_sex_eth[19]             0.2     0.0  1.1   -1.9   -0.6    0.2    0.9    2.1   500    1
alpha_age_sex_eth[20]            -0.2     0.0  1.1   -2.3   -1.0   -0.3    0.4    1.9   500    1
alpha_age_sex_eth[21]            -0.2     0.0  1.0   -2.1   -0.8   -0.1    0.5    1.5   500    1
alpha_age_sex_eth[22]             0.1     0.0  1.1   -2.0   -0.5    0.1    0.8    2.0   500    1
alpha_age_sex_eth[23]             0.0     0.0  0.9   -1.8   -0.6    0.0    0.5    1.9   500    1
alpha_age_sex_eth[24]             0.2     0.0  0.9   -1.7   -0.4    0.2    0.8    1.9   500    1
alpha_age_eth_inc[1]              0.0     0.0  1.0   -1.9   -0.6    0.1    0.8    1.7   500    1
alpha_age_eth_inc[2]              0.0     0.0  0.9   -1.8   -0.6    0.0    0.6    1.9   500    1
alpha_age_eth_inc[3]              0.0     0.0  0.9   -1.9   -0.5    0.1    0.6    1.8   500    1
alpha_age_eth_inc[4]             -0.1     0.0  1.0   -2.0   -0.8   -0.1    0.6    1.9   500    1
alpha_age_eth_inc[5]             -0.1     0.0  1.0   -2.0   -0.7   -0.1    0.6    1.8   500    1
alpha_age_eth_inc[6]             -0.1     0.0  0.9   -1.9   -0.7   -0.1    0.4    1.5   500    1
alpha_age_eth_inc[7]             -0.1     0.0  1.0   -2.0   -0.7   -0.1    0.6    2.0   500    1
alpha_age_eth_inc[8]              0.2     0.0  1.0   -1.9   -0.5    0.1    0.9    2.3   500    1
alpha_age_eth_inc[9]             -0.2     0.0  1.0   -2.0   -0.8   -0.2    0.5    1.6   500    1
alpha_age_eth_inc[10]             0.1     0.0  1.0   -1.7   -0.6    0.1    0.8    2.0   500    1
alpha_age_eth_inc[11]             0.1     0.0  1.0   -1.7   -0.6    0.1    0.9    2.2   500    1
alpha_age_eth_inc[12]             0.1     0.0  1.1   -1.8   -0.7    0.1    0.8    2.2   500    1
alpha_age_eth_inc[13]            -0.1     0.0  0.9   -2.1   -0.7   -0.1    0.5    1.8   500    1
alpha_age_eth_inc[14]            -0.2     0.0  0.9   -1.9   -0.7   -0.2    0.5    1.8   500    1
alpha_age_eth_inc[15]             0.1     0.0  1.0   -2.0   -0.5    0.1    0.7    2.1   500    1
alpha_age_eth_inc[16]             0.1     0.0  0.9   -1.6   -0.5    0.1    0.6    1.9   500    1
alpha_age_eth_inc[17]             0.0     0.0  1.0   -2.0   -0.6    0.0    0.5    2.1   500    1
alpha_age_eth_inc[18]             0.1     0.0  0.9   -1.8   -0.5    0.1    0.8    2.0   500    1
alpha_age_eth_inc[19]            -0.1     0.0  1.0   -2.0   -0.8   -0.1    0.6    1.9   500    1
alpha_age_eth_inc[20]             0.1     0.0  1.0   -2.0   -0.6    0.1    0.8    2.2   500    1
alpha_age_eth_inc[21]             0.0     0.0  1.0   -2.0   -0.6    0.0    0.7    1.8   500    1
alpha_age_eth_inc[22]             0.1     0.0  0.9   -1.9   -0.6    0.1    0.7    1.8   500    1
alpha_age_eth_inc[23]             0.1     0.0  1.0   -1.8   -0.6    0.1    0.9    2.1   500    1
alpha_age_eth_inc[24]            -0.2     0.0  1.0   -2.1   -0.9   -0.2    0.4    1.7   500    1
alpha_age_eth_inc[25]             0.2     0.0  1.0   -1.8   -0.4    0.2    0.8    2.3   500    1
alpha_age_eth_inc[26]            -0.1     0.0  1.0   -1.9   -0.7   -0.1    0.6    1.8   500    1
alpha_age_eth_inc[27]            -0.2     0.0  1.0   -2.0   -0.9   -0.2    0.4    1.8   500    1
alpha_age_eth_inc[28]            -0.2     0.0  0.9   -2.1   -0.8   -0.2    0.5    1.6   500    1
alpha_age_eth_inc[29]             0.2     0.0  1.0   -2.0   -0.4    0.2    0.9    2.2   500    1
alpha_age_eth_inc[30]             0.1     0.0  1.0   -2.0   -0.6    0.1    0.7    2.1   500    1
alpha_age_eth_inc[31]             0.0     0.0  1.0   -2.1   -0.7    0.0    0.6    1.9   500    1
alpha_age_eth_inc[32]            -0.1     0.0  1.0   -2.0   -0.7    0.0    0.6    1.9   500    1
alpha_age_eth_inc[33]             0.1     0.0  1.0   -1.8   -0.6    0.1    0.9    2.1   500    1
alpha_age_eth_inc[34]             0.1     0.0  1.0   -2.1   -0.6    0.1    0.7    2.1   500    1
alpha_age_eth_inc[35]            -0.2     0.0  0.9   -2.0   -0.9   -0.2    0.4    1.7   500    1
alpha_age_eth_inc[36]             0.1     0.0  1.0   -1.9   -0.6    0.0    0.8    2.1   500    1
alpha_age_sex_edu[1]              0.0     0.0  1.0   -2.1   -0.7   -0.1    0.7    1.9   500    1
alpha_age_sex_edu[2]              0.3     0.0  1.0   -1.8   -0.4    0.3    0.9    2.6   500    1
alpha_age_sex_edu[3]              0.2     0.0  1.0   -1.7   -0.5    0.1    0.8    2.1   500    1
alpha_age_sex_edu[4]              0.0     0.0  0.9   -1.9   -0.6    0.0    0.7    1.9   500    1
alpha_age_sex_edu[5]             -0.2     0.0  1.0   -2.1   -0.8   -0.2    0.4    2.0   500    1
alpha_age_sex_edu[6]              0.2     0.0  1.0   -1.8   -0.5    0.1    0.9    2.2   500    1
alpha_age_sex_edu[7]             -0.2     0.0  1.0   -2.3   -0.9   -0.2    0.5    1.7   500    1
alpha_age_sex_edu[8]             -0.3     0.0  1.0   -2.2   -1.0   -0.3    0.3    1.6   500    1
alpha_age_sex_edu[9]              0.0     0.0  1.0   -2.0   -0.7   -0.1    0.6    2.1   500    1
alpha_age_sex_edu[10]            -0.1     0.0  1.0   -2.1   -0.7    0.0    0.6    1.9   500    1
alpha_age_sex_edu[11]             0.1     0.0  1.1   -2.0   -0.6    0.1    0.8    2.3   500    1
alpha_age_sex_edu[12]            -0.2     0.0  1.0   -2.1   -0.9   -0.2    0.4    1.9   500    1
alpha_age_sex_edu[13]             0.0     0.0  0.9   -1.9   -0.6    0.0    0.6    1.8   500    1
alpha_age_sex_edu[14]             0.0     0.0  0.9   -1.6   -0.6    0.0    0.8    1.7   500    1
alpha_age_sex_edu[15]            -0.3     0.0  1.0   -2.1   -0.9   -0.3    0.3    1.7   500    1
alpha_age_sex_edu[16]             0.4     0.0  0.9   -1.4   -0.1    0.4    1.1    2.2   500    1
alpha_age_sex_edu[17]            -0.2     0.0  1.0   -2.1   -0.8   -0.2    0.5    1.7   500    1
alpha_age_sex_edu[18]             0.2     0.0  1.0   -1.9   -0.4    0.2    1.0    2.3   500    1
alpha_age_sex_edu[19]             0.0     0.0  1.0   -2.0   -0.7    0.1    0.8    1.9   500    1
alpha_age_sex_edu[20]            -0.1     0.0  0.9   -2.0   -0.6   -0.1    0.6    1.8   500    1
alpha_age_sex_edu[21]             0.3     0.0  1.0   -1.6   -0.4    0.3    0.9    2.2   500    1
alpha_age_sex_edu[22]            -0.5     0.0  1.0   -2.4   -1.1   -0.5    0.2    1.4   500    1
alpha_age_sex_edu[23]             0.3     0.0  1.0   -1.6   -0.4    0.3    0.9    2.2   500    1
alpha_age_sex_edu[24]             0.0     0.0  1.0   -2.0   -0.7   -0.1    0.6    2.0   500    1
alpha_age_edu_inc[1]              0.0     0.0  0.9   -1.7   -0.7    0.0    0.6    1.8   500    1
alpha_age_edu_inc[2]             -0.2     0.0  1.0   -2.1   -0.8   -0.2    0.5    1.9   500    1
alpha_age_edu_inc[3]              0.0     0.0  1.0   -1.9   -0.7    0.1    0.8    1.8   500    1
alpha_age_edu_inc[4]              0.1     0.0  1.0   -1.7   -0.6    0.1    0.8    2.0   500    1
alpha_age_edu_inc[5]              0.4     0.0  1.0   -1.6   -0.3    0.4    1.1    2.4   500    1
alpha_age_edu_inc[6]              0.2     0.1  1.0   -1.9   -0.4    0.2    0.9    2.2   352    1
alpha_age_edu_inc[7]              0.0     0.0  0.9   -1.9   -0.6    0.0    0.6    1.9   500    1
alpha_age_edu_inc[8]              0.3     0.0  1.0   -1.7   -0.3    0.3    1.0    2.1   383    1
alpha_age_edu_inc[9]             -0.3     0.0  1.0   -2.3   -1.1   -0.4    0.4    1.6   500    1
alpha_age_edu_inc[10]            -0.2     0.0  0.9   -1.8   -0.8   -0.2    0.3    1.7   500    1
alpha_age_edu_inc[11]             0.0     0.1  1.0   -1.9   -0.6    0.0    0.6    1.9   351    1
alpha_age_edu_inc[12]            -0.2     0.0  1.0   -1.9   -0.8   -0.2    0.5    1.7   500    1
alpha_age_edu_inc[13]            -0.1     0.0  0.9   -2.0   -0.6   -0.1    0.4    1.7   500    1
alpha_age_edu_inc[14]             0.1     0.0  0.9   -1.6   -0.4    0.1    0.7    1.8   368    1
alpha_age_edu_inc[15]            -0.1     0.0  0.9   -1.9   -0.7   -0.1    0.5    1.6   500    1
alpha_age_edu_inc[16]             0.1     0.0  1.0   -2.0   -0.6    0.1    0.9    2.2   500    1
alpha_age_edu_inc[17]             0.0     0.0  0.9   -1.8   -0.7    0.0    0.6    1.7   500    1
alpha_age_edu_inc[18]            -0.1     0.1  1.0   -2.0   -0.8   -0.1    0.5    1.8   358    1
alpha_age_edu_inc[19]            -0.2     0.0  0.9   -2.0   -0.9   -0.2    0.3    1.5   500    1
alpha_age_edu_inc[20]             0.0     0.0  1.1   -2.1   -0.7   -0.1    0.6    2.1   500    1
alpha_age_edu_inc[21]             0.1     0.0  1.0   -1.6   -0.5    0.2    0.8    1.9   500    1
alpha_age_edu_inc[22]             0.4     0.0  1.0   -1.5   -0.3    0.5    1.1    2.2   500    1
alpha_age_edu_inc[23]            -0.2     0.0  1.0   -1.9   -0.9   -0.2    0.5    1.7   500    1
alpha_age_edu_inc[24]             0.2     0.0  0.9   -1.6   -0.4    0.2    0.8    2.0   500    1
alpha_age_edu_inc[25]             0.3     0.0  0.9   -1.6   -0.4    0.2    0.9    2.1   500    1
alpha_age_edu_inc[26]            -0.2     0.0  1.0   -2.0   -0.9   -0.1    0.5    1.6   500    1
alpha_age_edu_inc[27]             0.0     0.0  1.0   -1.9   -0.7    0.0    0.7    1.9   500    1
alpha_age_edu_inc[28]            -0.2     0.0  1.0   -2.2   -0.9   -0.2    0.5    2.1   500    1
alpha_age_edu_inc[29]            -0.6     0.0  1.0   -2.4   -1.2   -0.7    0.2    1.4   500    1
alpha_age_edu_inc[30]             0.4     0.1  1.0   -1.5   -0.3    0.4    1.1    2.2   313    1
alpha_age_edu_inc[31]            -0.2     0.0  1.0   -2.2   -0.9   -0.2    0.4    1.8   500    1
alpha_age_edu_inc[32]             0.2     0.0  1.0   -1.7   -0.5    0.2    0.8    2.1   500    1
alpha_age_edu_inc[33]             0.4     0.0  1.0   -1.5   -0.2    0.4    1.1    2.2   500    1
alpha_age_edu_inc[34]             0.0     0.0  1.0   -2.0   -0.7    0.0    0.6    2.1   500    1
alpha_age_edu_inc[35]             0.3     0.0  0.9   -1.6   -0.4    0.3    0.9    2.0   500    1
alpha_age_edu_inc[36]            -0.3     0.0  1.0   -2.2   -0.9   -0.3    0.3    1.7   500    1
alpha_age_sex_inc[1]              0.0     0.0  0.9   -1.9   -0.6    0.0    0.7    1.8   500    1
alpha_age_sex_inc[2]              0.2     0.0  0.9   -1.6   -0.4    0.2    0.8    1.9   500    1
alpha_age_sex_inc[3]              0.2     0.0  1.1   -1.9   -0.6    0.2    1.0    2.1   500    1
alpha_age_sex_inc[4]             -0.1     0.0  1.0   -2.1   -0.7   -0.1    0.6    1.7   500    1
alpha_age_sex_inc[5]              0.0     0.0  1.0   -2.0   -0.6    0.0    0.7    2.0   500    1
alpha_age_sex_inc[6]             -0.3     0.0  1.0   -2.2   -1.0   -0.3    0.3    1.6   500    1
alpha_age_sex_inc[7]              0.1     0.0  1.1   -2.1   -0.6    0.0    0.9    2.2   500    1
alpha_age_sex_inc[8]             -0.1     0.0  0.9   -1.9   -0.7   -0.1    0.5    1.7   500    1
alpha_age_sex_inc[9]              0.0     0.0  1.0   -1.9   -0.7    0.0    0.6    1.9   500    1
alpha_age_sex_inc[10]             0.0     0.0  0.9   -1.8   -0.6    0.1    0.7    1.8   500    1
alpha_age_sex_inc[11]             0.0     0.0  1.0   -2.2   -0.7    0.0    0.7    2.0   500    1
alpha_age_sex_inc[12]             0.1     0.0  0.9   -1.7   -0.5    0.1    0.8    1.9   500    1
alpha_age_sex_inc[13]             0.0     0.0  0.9   -1.7   -0.6    0.0    0.6    1.7   500    1
alpha_age_sex_inc[14]            -0.3     0.0  1.0   -2.3   -0.9   -0.3    0.4    1.8   500    1
alpha_age_sex_inc[15]             0.4     0.0  1.0   -1.5   -0.3    0.3    1.1    2.2   500    1
alpha_age_sex_inc[16]            -0.1     0.0  0.9   -1.8   -0.7    0.0    0.6    1.6   500    1
alpha_age_sex_inc[17]             0.3     0.0  0.9   -1.6   -0.4    0.3    0.9    1.9   500    1
alpha_age_sex_inc[18]            -0.1     0.0  1.0   -2.1   -0.9   -0.1    0.6    1.9   500    1
alpha_sex_eth_edu[1]             -0.1     0.0  1.0   -2.1   -0.7    0.0    0.6    1.9   500    1
alpha_sex_eth_edu[2]              0.2     0.0  1.0   -1.7   -0.5    0.3    0.9    2.3   500    1
alpha_sex_eth_edu[3]              0.2     0.0  0.9   -1.5   -0.5    0.2    0.8    2.1   500    1
alpha_sex_eth_edu[4]             -0.2     0.0  0.9   -2.0   -0.9   -0.3    0.5    1.5   500    1
alpha_sex_eth_edu[5]             -0.1     0.0  1.0   -2.0   -0.8   -0.1    0.6    1.8   500    1
alpha_sex_eth_edu[6]             -0.2     0.0  0.9   -2.0   -0.7   -0.2    0.4    1.7   500    1
alpha_sex_eth_edu[7]             -0.1     0.0  1.0   -2.3   -0.7   -0.1    0.5    1.9   500    1
alpha_sex_eth_edu[8]              0.1     0.0  1.1   -2.2   -0.5    0.2    0.8    2.4   500    1
alpha_sex_eth_edu[9]              0.0     0.0  1.0   -2.0   -0.7    0.0    0.7    1.8   500    1
alpha_sex_eth_edu[10]            -0.2     0.0  1.0   -2.2   -0.8   -0.2    0.5    1.8   500    1
alpha_sex_eth_edu[11]             0.2     0.0  1.0   -1.7   -0.5    0.2    1.0    2.1   500    1
alpha_sex_eth_edu[12]             0.1     0.0  1.1   -1.7   -0.6    0.1    0.8    2.2   500    1
alpha_sex_eth_edu[13]             0.1     0.0  1.0   -2.0   -0.5    0.1    0.8    2.1   500    1
alpha_sex_eth_edu[14]             0.3     0.0  0.9   -1.5   -0.3    0.3    0.9    2.3   500    1
alpha_sex_eth_edu[15]            -0.1     0.0  0.9   -1.7   -0.8   -0.1    0.5    1.6   500    1
alpha_sex_eth_edu[16]            -0.1     0.0  1.0   -2.1   -0.7   -0.1    0.5    1.9   500    1
alpha_sex_eth_edu[17]             0.2     0.0  1.0   -1.8   -0.4    0.2    0.8    2.2   500    1
alpha_sex_eth_edu[18]            -0.3     0.0  1.0   -2.4   -1.0   -0.3    0.4    1.6   500    1
alpha_sex_eth_edu[19]            -0.2     0.0  1.0   -1.9   -0.9   -0.2    0.5    1.7   500    1
alpha_sex_eth_edu[20]             0.2     0.1  1.0   -1.6   -0.5    0.3    1.0    2.2   374    1
alpha_sex_eth_edu[21]             0.0     0.0  0.9   -1.8   -0.7    0.0    0.6    1.9   500    1
alpha_sex_eth_edu[22]             0.1     0.0  1.1   -2.0   -0.5    0.1    0.8    2.3   500    1
alpha_sex_eth_edu[23]             0.0     0.0  0.9   -1.9   -0.6    0.0    0.7    1.8   500    1
alpha_sex_eth_edu[24]             0.0     0.0  1.0   -1.9   -0.7    0.1    0.7    1.8   500    1
alpha_sex_eth_edu[25]            -0.1     0.0  1.0   -2.0   -0.8    0.0    0.7    1.7   500    1
alpha_sex_eth_edu[26]             0.0     0.0  1.1   -2.2   -0.7    0.0    0.6    2.0   500    1
alpha_sex_eth_edu[27]             0.1     0.0  1.1   -2.0   -0.6    0.1    0.8    2.2   500    1
alpha_sex_eth_edu[28]            -0.2     0.0  1.0   -2.0   -1.0   -0.2    0.4    1.7   500    1
alpha_sex_eth_edu[29]             0.0     0.0  1.1   -2.1   -0.7    0.0    0.7    2.1   500    1
alpha_sex_eth_edu[30]             0.1     0.0  1.0   -2.0   -0.6    0.2    0.8    1.9   500    1
alpha_sex_eth_edu[31]             0.0     0.0  1.0   -2.0   -0.7   -0.1    0.7    1.9   500    1
alpha_sex_eth_edu[32]            -0.1     0.0  0.9   -1.6   -0.6   -0.1    0.6    1.5   500    1
alpha_eth_edu_inc[1]              0.2     0.0  0.9   -1.6   -0.3    0.3    0.8    2.1   500    1
alpha_eth_edu_inc[2]              0.1     0.1  1.1   -2.1   -0.7    0.1    0.9    2.4   500    1
alpha_eth_edu_inc[3]             -0.1     0.0  0.9   -2.0   -0.7   -0.1    0.4    1.7   368    1
alpha_eth_edu_inc[4]              0.0     0.0  1.0   -2.0   -0.7    0.0    0.8    2.0   500    1
alpha_eth_edu_inc[5]             -0.3     0.0  1.1   -2.6   -1.1   -0.4    0.4    1.7   500    1
alpha_eth_edu_inc[6]              0.1     0.0  1.0   -1.7   -0.6    0.1    0.9    1.9   500    1
alpha_eth_edu_inc[7]              0.0     0.0  1.0   -2.0   -0.7    0.0    0.7    1.8   500    1
alpha_eth_edu_inc[8]              0.0     0.0  1.1   -2.1   -0.6    0.1    0.8    2.3   500    1
alpha_eth_edu_inc[9]              0.0     0.0  1.0   -1.9   -0.7    0.1    0.7    1.9   500    1
alpha_eth_edu_inc[10]             0.1     0.0  1.0   -1.8   -0.6    0.1    0.8    2.0   500    1
alpha_eth_edu_inc[11]             0.0     0.0  1.0   -1.9   -0.6    0.0    0.7    2.0   500    1
alpha_eth_edu_inc[12]            -0.1     0.0  0.9   -1.8   -0.6    0.0    0.6    1.6   500    1
alpha_eth_edu_inc[13]             0.0     0.0  1.1   -1.9   -0.8    0.0    0.8    1.9   500    1
alpha_eth_edu_inc[14]            -0.1     0.0  1.0   -2.1   -0.7   -0.1    0.5    1.9   500    1
alpha_eth_edu_inc[15]             0.0     0.0  1.0   -1.9   -0.6    0.0    0.6    2.1   500    1
alpha_eth_edu_inc[16]            -0.2     0.0  1.0   -2.1   -0.8   -0.2    0.5    1.8   500    1
alpha_eth_edu_inc[17]             0.3     0.0  1.0   -1.7   -0.4    0.3    1.0    2.3   500    1
alpha_eth_edu_inc[18]            -0.2     0.0  1.0   -2.2   -0.9   -0.2    0.5    1.9   500    1
alpha_eth_edu_inc[19]            -0.1     0.0  1.1   -1.9   -0.8   -0.1    0.7    2.0   500    1
alpha_eth_edu_inc[20]            -0.3     0.0  1.0   -2.2   -0.9   -0.3    0.3    1.6   500    1
alpha_eth_edu_inc[21]             0.2     0.0  0.9   -1.4   -0.5    0.2    0.9    1.9   500    1
alpha_eth_edu_inc[22]            -0.1     0.0  1.1   -2.4   -0.7   -0.1    0.6    2.2   500    1
alpha_eth_edu_inc[23]             0.1     0.0  1.0   -2.0   -0.7    0.2    0.8    2.0   500    1
alpha_eth_edu_inc[24]             0.1     0.0  1.0   -2.1   -0.6    0.1    0.8    1.9   500    1
alpha_eth_edu_inc[25]            -0.2     0.0  0.9   -2.0   -0.8   -0.2    0.4    1.6   500    1
alpha_eth_edu_inc[26]            -0.1     0.0  1.1   -2.1   -0.8   -0.1    0.8    2.0   500    1
alpha_eth_edu_inc[27]             0.0     0.0  1.0   -1.9   -0.7   -0.1    0.7    1.9   500    1
alpha_eth_edu_inc[28]            -0.1     0.0  1.0   -2.0   -0.8   -0.2    0.6    1.7   500    1
alpha_eth_edu_inc[29]            -0.2     0.0  1.1   -2.1   -0.9   -0.2    0.6    1.9   500    1
alpha_eth_edu_inc[30]             0.0     0.0  1.0   -2.0   -0.6    0.0    0.6    1.9   500    1
alpha_eth_edu_inc[31]            -0.1     0.0  0.9   -1.9   -0.8   -0.1    0.5    1.6   500    1
alpha_eth_edu_inc[32]             0.4     0.0  1.1   -1.7   -0.3    0.4    1.1    2.4   500    1
alpha_eth_edu_inc[33]             0.0     0.0  1.0   -2.0   -0.6    0.0    0.7    2.0   500    1
alpha_eth_edu_inc[34]            -0.1     0.0  1.0   -2.0   -0.8    0.0    0.7    1.8   500    1
alpha_eth_edu_inc[35]             0.1     0.0  1.0   -1.8   -0.6    0.1    0.6    2.1   500    1
alpha_eth_edu_inc[36]            -0.1     0.0  1.0   -2.0   -0.8   -0.1    0.6    1.9   500    1
alpha_eth_edu_inc[37]             0.0     0.0  1.0   -2.2   -0.7    0.0    0.7    2.0   500    1
alpha_eth_edu_inc[38]             0.0     0.0  1.0   -2.0   -0.7    0.0    0.6    1.9   500    1
alpha_eth_edu_inc[39]             0.0     0.0  1.0   -2.1   -0.7    0.0    0.8    1.9   500    1
alpha_eth_edu_inc[40]             0.3     0.0  0.9   -1.5   -0.3    0.3    0.9    2.1   500    1
alpha_eth_edu_inc[41]             0.1     0.0  1.0   -1.9   -0.6    0.1    0.8    2.1   500    1
alpha_eth_edu_inc[42]             0.1     0.0  0.9   -1.9   -0.5    0.1    0.8    1.9   500    1
alpha_eth_edu_inc[43]            -0.1     0.0  1.0   -2.3   -0.8   -0.2    0.6    2.0   500    1
alpha_eth_edu_inc[44]             0.0     0.0  1.0   -2.0   -0.7    0.0    0.7    1.9   500    1
alpha_eth_edu_inc[45]            -0.2     0.0  0.9   -1.9   -0.7   -0.2    0.4    1.5   500    1
alpha_eth_edu_inc[46]             0.1     0.0  1.0   -1.9   -0.6    0.0    0.7    2.0   500    1
alpha_eth_edu_inc[47]            -0.1     0.0  0.9   -1.8   -0.7   -0.1    0.5    1.6   500    1
alpha_eth_edu_inc[48]            -0.1     0.0  1.0   -2.0   -0.7   -0.1    0.5    1.9   500    1
alpha_sex_eth_inc[1]              0.1     0.0  0.9   -1.7   -0.5    0.1    0.7    1.9   500    1
alpha_sex_eth_inc[2]             -0.1     0.0  1.0   -2.0   -0.7   -0.1    0.6    2.0   500    1
alpha_sex_eth_inc[3]              0.1     0.0  1.0   -1.8   -0.6    0.1    0.7    1.9   500    1
alpha_sex_eth_inc[4]              0.0     0.0  1.0   -1.9   -0.7    0.0    0.6    1.8   500    1
alpha_sex_eth_inc[5]             -0.2     0.0  1.0   -2.3   -0.9   -0.2    0.5    1.8   500    1
alpha_sex_eth_inc[6]              0.1     0.0  1.0   -1.9   -0.5    0.1    0.8    2.2   500    1
alpha_sex_eth_inc[7]              0.0     0.0  1.0   -1.9   -0.7   -0.1    0.6    1.8   500    1
alpha_sex_eth_inc[8]              0.1     0.0  1.0   -1.8   -0.7    0.1    0.7    1.9   500    1
alpha_sex_eth_inc[9]              0.0     0.0  1.0   -2.2   -0.8    0.1    0.8    1.9   500    1
alpha_sex_eth_inc[10]             0.1     0.0  0.9   -1.8   -0.5    0.1    0.6    2.0   500    1
alpha_sex_eth_inc[11]             0.0     0.0  1.0   -1.7   -0.6    0.0    0.7    1.9   500    1
alpha_sex_eth_inc[12]             0.0     0.0  1.0   -2.0   -0.7    0.0    0.7    1.9   500    1
alpha_sex_eth_inc[13]             0.0     0.0  1.0   -2.1   -0.6    0.0    0.7    1.9   500    1
alpha_sex_eth_inc[14]            -0.1     0.0  1.0   -2.0   -0.7   -0.1    0.6    1.9   500    1
alpha_sex_eth_inc[15]            -0.1     0.0  1.0   -2.0   -0.7   -0.1    0.5    1.8   500    1
alpha_sex_eth_inc[16]             0.0     0.0  1.1   -2.1   -0.7    0.0    0.6    2.2   500    1
alpha_sex_eth_inc[17]             0.2     0.0  1.0   -1.7   -0.5    0.2    0.9    2.0   500    1
alpha_sex_eth_inc[18]             0.1     0.0  1.0   -1.9   -0.5    0.1    0.7    1.9   500    1
alpha_sex_eth_inc[19]            -0.1     0.0  1.0   -2.0   -0.8   -0.1    0.6    1.7   500    1
alpha_sex_eth_inc[20]             0.1     0.0  1.0   -2.1   -0.5    0.1    0.8    2.2   500    1
alpha_sex_eth_inc[21]            -0.1     0.0  1.0   -1.9   -0.8   -0.1    0.6    1.8   500    1
alpha_sex_eth_inc[22]             0.0     0.0  1.0   -1.8   -0.6    0.1    0.7    1.9   500    1
alpha_sex_eth_inc[23]             0.0     0.0  0.9   -1.8   -0.6    0.0    0.7    1.9   500    1
alpha_sex_eth_inc[24]             0.0     0.0  1.0   -2.0   -0.7    0.0    0.6    2.1   500    1
alpha_sex_edu_inc[1]              0.0     0.0  1.0   -1.7   -0.6    0.0    0.7    1.8   500    1
alpha_sex_edu_inc[2]              0.0     0.0  1.0   -2.0   -0.7    0.0    0.7    1.9   500    1
alpha_sex_edu_inc[3]             -0.1     0.0  1.0   -2.1   -0.9   -0.1    0.5    1.8   500    1
alpha_sex_edu_inc[4]              0.0     0.0  0.9   -1.8   -0.6    0.1    0.7    1.7   470    1
alpha_sex_edu_inc[5]              0.0     0.0  1.0   -1.7   -0.7    0.0    0.7    1.7   500    1
alpha_sex_edu_inc[6]              0.3     0.0  1.0   -1.7   -0.4    0.4    1.0    2.3   500    1
alpha_sex_edu_inc[7]              0.0     0.0  1.0   -1.8   -0.8    0.0    0.7    1.9   500    1
alpha_sex_edu_inc[8]              0.0     0.0  0.9   -1.8   -0.5    0.0    0.6    1.8   500    1
alpha_sex_edu_inc[9]              0.3     0.0  1.0   -1.7   -0.4    0.3    0.9    2.1   500    1
alpha_sex_edu_inc[10]             0.0     0.0  1.1   -2.0   -0.7    0.0    0.7    2.0   500    1
alpha_sex_edu_inc[11]            -0.4     0.0  1.0   -2.1   -1.1   -0.4    0.2    1.4   500    1
alpha_sex_edu_inc[12]             0.1     0.0  1.0   -2.0   -0.6    0.1    0.8    1.9   500    1
alpha_sex_edu_inc[13]             0.2     0.0  0.9   -1.5   -0.5    0.2    0.9    1.9   500    1
alpha_sex_edu_inc[14]            -0.2     0.0  0.9   -2.1   -0.9   -0.3    0.4    1.6   500    1
alpha_sex_edu_inc[15]            -0.1     0.0  0.9   -1.9   -0.8   -0.1    0.6    1.7   500    1
alpha_sex_edu_inc[16]            -0.2     0.0  1.1   -2.1   -0.9   -0.2    0.5    1.9   500    1
alpha_sex_edu_inc[17]            -0.1     0.0  1.0   -1.9   -0.7   -0.1    0.6    1.9   500    1
alpha_sex_edu_inc[18]            -0.1     0.0  1.0   -2.0   -0.7    0.0    0.6    2.0   500    1
alpha_sex_edu_inc[19]            -0.3     0.0  1.0   -2.3   -1.0   -0.3    0.3    1.7   500    1
alpha_sex_edu_inc[20]             0.3     0.0  0.9   -1.6   -0.3    0.3    0.9    2.1   500    1
alpha_sex_edu_inc[21]            -0.2     0.0  1.0   -2.2   -0.9   -0.3    0.5    1.7   500    1
alpha_sex_edu_inc[22]             0.0     0.0  1.0   -2.2   -0.7    0.0    0.7    1.9   500    1
alpha_sex_edu_inc[23]             0.5     0.0  0.9   -1.4   -0.2    0.4    1.1    2.2   500    1
alpha_sex_edu_inc[24]            -0.4     0.0  1.0   -2.4   -1.0   -0.4    0.3    1.6   500    1
alpha_age_sex_eth_edu[1]          0.0     0.0  0.9   -1.8   -0.5    0.0    0.5    1.8   500    1
alpha_age_sex_eth_edu[2]          0.6     0.0  0.9   -1.1   -0.1    0.6    1.2    2.2   500    1
alpha_age_sex_eth_edu[3]          0.4     0.0  1.0   -1.5   -0.2    0.4    1.1    2.3   500    1
alpha_age_sex_eth_edu[4]         -0.7     0.0  0.9   -2.4   -1.3   -0.7   -0.1    1.1   500    1
alpha_age_sex_eth_edu[5]          0.0     0.0  1.0   -1.9   -0.6    0.0    0.7    1.9   500    1
alpha_age_sex_eth_edu[6]         -0.2     0.0  0.9   -1.9   -0.8   -0.2    0.4    1.8   500    1
alpha_age_sex_eth_edu[7]          0.2     0.0  0.9   -1.4   -0.4    0.1    0.8    2.0   500    1
alpha_age_sex_eth_edu[8]          0.0     0.0  0.9   -1.8   -0.7    0.0    0.7    1.7   500    1
alpha_age_sex_eth_edu[9]         -0.2     0.0  0.9   -2.1   -0.8   -0.2    0.4    1.4   500    1
alpha_age_sex_eth_edu[10]        -0.3     0.0  1.0   -2.2   -1.0   -0.3    0.4    1.5   433    1
alpha_age_sex_eth_edu[11]        -0.1     0.0  0.9   -1.9   -0.7   -0.1    0.6    1.7   500    1
alpha_age_sex_eth_edu[12]         0.5     0.0  0.9   -1.1   -0.1    0.5    1.1    2.1   500    1
alpha_age_sex_eth_edu[13]         0.3     0.0  1.0   -1.8   -0.4    0.3    1.0    2.3   500    1
alpha_age_sex_eth_edu[14]         0.4     0.0  0.9   -1.3   -0.1    0.5    1.0    2.0   500    1
alpha_age_sex_eth_edu[15]        -0.3     0.0  0.9   -2.1   -0.9   -0.3    0.3    1.7   500    1
alpha_age_sex_eth_edu[16]         0.3     0.0  1.0   -1.6   -0.3    0.3    0.9    2.1   500    1
alpha_age_sex_eth_edu[17]        -0.2     0.0  0.9   -2.0   -0.8   -0.1    0.4    1.7   500    1
alpha_age_sex_eth_edu[18]        -0.3     0.0  1.0   -2.1   -1.0   -0.3    0.4    1.5   466    1
alpha_age_sex_eth_edu[19]         0.0     0.0  0.9   -1.7   -0.6    0.0    0.7    1.8   500    1
alpha_age_sex_eth_edu[20]         0.6     0.0  0.8   -1.0    0.0    0.6    1.1    2.2   500    1
alpha_age_sex_eth_edu[21]        -0.3     0.0  1.0   -2.1   -1.0   -0.3    0.3    1.5   500    1
alpha_age_sex_eth_edu[22]         0.4     0.0  0.9   -1.4   -0.2    0.4    1.0    2.0   500    1
alpha_age_sex_eth_edu[23]        -0.9     0.0  1.0   -2.8   -1.5   -0.9   -0.2    1.2   500    1
alpha_age_sex_eth_edu[24]        -0.6     0.0  1.0   -2.5   -1.2   -0.6    0.0    1.5   500    1
alpha_age_sex_eth_edu[25]         0.0     0.0  1.0   -1.9   -0.7    0.0    0.7    2.0   500    1
alpha_age_sex_eth_edu[26]        -0.1     0.0  0.9   -1.8   -0.7   -0.1    0.5    1.7   500    1
alpha_age_sex_eth_edu[27]         0.2     0.0  0.9   -1.6   -0.4    0.2    0.8    2.0   500    1
alpha_age_sex_eth_edu[28]        -0.4     0.0  0.9   -2.1   -0.9   -0.4    0.1    1.4   500    1
alpha_age_sex_eth_edu[29]         0.0     0.0  0.9   -1.7   -0.6    0.0    0.6    1.9   500    1
alpha_age_sex_eth_edu[30]         0.2     0.0  0.9   -1.6   -0.3    0.2    0.8    1.8   500    1
alpha_age_sex_eth_edu[31]         0.3     0.0  0.9   -1.3   -0.2    0.4    0.9    2.1   500    1
alpha_age_sex_eth_edu[32]        -0.3     0.0  0.9   -1.9   -0.9   -0.3    0.3    1.5   500    1
alpha_age_sex_eth_edu[33]        -0.1     0.0  0.9   -1.8   -0.8   -0.1    0.6    1.6   500    1
alpha_age_sex_eth_edu[34]        -0.1     0.0  0.9   -1.9   -0.8   -0.1    0.5    1.8   500    1
alpha_age_sex_eth_edu[35]         0.2     0.0  0.9   -1.5   -0.4    0.1    0.8    1.8   500    1
alpha_age_sex_eth_edu[36]        -0.2     0.0  0.8   -1.9   -0.8   -0.2    0.3    1.3   500    1
alpha_age_sex_eth_edu[37]        -0.1     0.0  0.9   -1.9   -0.7   -0.1    0.5    1.8   500    1
alpha_age_sex_eth_edu[38]        -0.2     0.0  0.9   -1.8   -0.7   -0.1    0.4    1.5   500    1
alpha_age_sex_eth_edu[39]        -0.4     0.0  0.9   -2.2   -1.0   -0.3    0.2    1.3   500    1
alpha_age_sex_eth_edu[40]        -0.3     0.0  0.9   -2.0   -0.9   -0.3    0.3    1.5   500    1
alpha_age_sex_eth_edu[41]        -0.2     0.0  1.0   -2.2   -0.8   -0.2    0.5    1.8   500    1
alpha_age_sex_eth_edu[42]        -0.6     0.0  1.0   -2.4   -1.3   -0.6    0.0    1.3   500    1
alpha_age_sex_eth_edu[43]         0.5     0.0  0.9   -1.3   -0.1    0.4    1.1    2.0   410    1
alpha_age_sex_eth_edu[44]        -0.1     0.0  0.9   -1.8   -0.7    0.0    0.5    1.6   500    1
alpha_age_sex_eth_edu[45]         0.2     0.0  0.9   -1.5   -0.4    0.3    0.8    1.8   500    1
alpha_age_sex_eth_edu[46]         0.5     0.0  1.0   -1.5   -0.1    0.5    1.1    2.5   500    1
alpha_age_sex_eth_edu[47]         0.1     0.0  0.9   -1.8   -0.5    0.1    0.7    1.8   500    1
alpha_age_sex_eth_edu[48]         0.2     0.0  1.0   -1.7   -0.4    0.2    0.8    2.2   500    1
alpha_age_sex_eth_edu[49]         0.0     0.0  0.9   -1.7   -0.6    0.0    0.6    1.6   500    1
alpha_age_sex_eth_edu[50]        -0.4     0.0  0.9   -2.1   -1.0   -0.4    0.1    1.3   500    1
alpha_age_sex_eth_edu[51]        -0.7     0.0  0.9   -2.5   -1.3   -0.7   -0.1    1.2   500    1
alpha_age_sex_eth_edu[52]         0.8     0.0  0.8   -0.9    0.3    0.9    1.4    2.3   500    1
alpha_age_sex_eth_edu[53]         0.7     0.0  0.9   -1.1    0.0    0.7    1.3    2.4   500    1
alpha_age_sex_eth_edu[54]         0.4     0.0  0.9   -1.3   -0.2    0.5    1.1    2.1   500    1
alpha_age_sex_eth_edu[55]         0.4     0.0  0.9   -1.3   -0.2    0.5    1.1    2.0   500    1
alpha_age_sex_eth_edu[56]         0.4     0.0  0.9   -1.4   -0.2    0.4    1.1    2.1   500    1
alpha_age_sex_eth_edu[57]        -0.2     0.0  0.9   -1.8   -0.8   -0.2    0.4    1.5   500    1
alpha_age_sex_eth_edu[58]         0.2     0.0  0.9   -1.5   -0.4    0.2    0.9    1.8   500    1
alpha_age_sex_eth_edu[59]         0.2     0.0  0.9   -1.6   -0.4    0.2    0.8    2.1   500    1
alpha_age_sex_eth_edu[60]        -0.3     0.0  0.9   -2.1   -0.9   -0.3    0.2    1.6   500    1
alpha_age_sex_eth_edu[61]        -0.6     0.0  0.8   -2.2   -1.1   -0.6   -0.1    0.9   500    1
alpha_age_sex_eth_edu[62]        -0.2     0.0  0.9   -1.8   -0.8   -0.2    0.4    1.6   500    1
alpha_age_sex_eth_edu[63]        -0.3     0.0  0.9   -2.1   -0.9   -0.4    0.3    1.5   500    1
alpha_age_sex_eth_edu[64]         0.0     0.0  0.8   -1.6   -0.6    0.0    0.6    1.7   500    1
alpha_age_sex_eth_edu[65]         0.0     0.0  1.0   -2.1   -0.7    0.0    0.6    1.7   500    1
alpha_age_sex_eth_edu[66]         0.5     0.0  0.9   -1.3   -0.2    0.5    1.2    2.3   500    1
alpha_age_sex_eth_edu[67]         0.2     0.0  0.9   -1.7   -0.4    0.2    0.8    2.0   500    1
alpha_age_sex_eth_edu[68]        -0.1     0.0  0.9   -1.8   -0.7   -0.1    0.5    1.6   500    1
alpha_age_sex_eth_edu[69]         0.1     0.0  1.0   -1.9   -0.6    0.1    0.8    2.0   500    1
alpha_age_sex_eth_edu[70]        -0.3     0.0  0.9   -2.0   -1.0   -0.3    0.3    1.4   500    1
alpha_age_sex_eth_edu[71]        -0.1     0.0  0.9   -1.9   -0.8   -0.2    0.5    1.6   500    1
alpha_age_sex_eth_edu[72]         0.5     0.0  0.9   -1.3   -0.2    0.5    1.2    2.2   500    1
alpha_age_sex_eth_edu[73]         0.1     0.0  1.1   -2.0   -0.7    0.1    0.9    2.3   500    1
alpha_age_sex_eth_edu[74]         0.1     0.0  1.0   -1.7   -0.6    0.1    0.8    1.9   500    1
alpha_age_sex_eth_edu[75]         0.4     0.0  1.0   -1.5   -0.3    0.4    1.1    2.2   500    1
alpha_age_sex_eth_edu[76]         0.1     0.0  0.9   -1.8   -0.5    0.1    0.8    1.9   500    1
alpha_age_sex_eth_edu[77]        -0.3     0.0  0.9   -2.1   -0.9   -0.3    0.3    1.4   500    1
alpha_age_sex_eth_edu[78]         0.2     0.0  1.0   -1.7   -0.5    0.2    0.8    2.0   500    1
alpha_age_sex_eth_edu[79]        -0.4     0.0  1.0   -2.3   -1.1   -0.4    0.2    1.5   500    1
alpha_age_sex_eth_edu[80]        -0.7     0.0  1.0   -2.5   -1.4   -0.7    0.0    1.3   500    1
alpha_age_sex_eth_edu[81]         0.3     0.0  1.1   -1.9   -0.3    0.4    1.0    2.3   500    1
alpha_age_sex_eth_edu[82]        -0.8     0.0  1.0   -2.7   -1.5   -0.8   -0.2    1.0   500    1
alpha_age_sex_eth_edu[83]        -0.1     0.0  0.9   -1.8   -0.6   -0.1    0.5    1.7   500    1
alpha_age_sex_eth_edu[84]        -0.2     0.0  0.8   -1.9   -0.8   -0.2    0.3    1.5   500    1
alpha_age_sex_eth_edu[85]        -0.3     0.0  0.9   -2.0   -1.0   -0.3    0.4    1.5   500    1
alpha_age_sex_eth_edu[86]        -0.3     0.0  0.9   -2.1   -1.0   -0.4    0.4    1.5   500    1
alpha_age_sex_eth_edu[87]         0.5     0.0  0.9   -1.3   -0.1    0.5    1.1    2.4   500    1
alpha_age_sex_eth_edu[88]         0.3     0.0  0.9   -1.5   -0.2    0.4    1.0    2.1   500    1
alpha_age_sex_eth_edu[89]        -0.1     0.0  1.0   -1.9   -0.7   -0.1    0.6    1.8   500    1
alpha_age_sex_eth_edu[90]        -0.2     0.0  0.9   -1.9   -0.8   -0.2    0.4    1.5   500    1
alpha_age_sex_eth_edu[91]         0.0     0.0  0.9   -1.9   -0.7    0.0    0.6    1.8   500    1
alpha_age_sex_eth_edu[92]        -0.2     0.0  1.0   -1.9   -0.8   -0.2    0.5    2.0   500    1
alpha_age_sex_eth_edu[93]         0.4     0.0  0.9   -1.3   -0.2    0.3    0.9    2.2   500    1
alpha_age_sex_eth_edu[94]         0.5     0.0  1.0   -1.5   -0.2    0.4    1.1    2.5   500    1
alpha_age_sex_eth_edu[95]         0.1     0.0  0.9   -1.6   -0.5    0.1    0.7    1.7   500    1
alpha_age_sex_eth_edu[96]         0.0     0.0  1.0   -2.0   -0.6    0.0    0.7    1.9   500    1
alpha_age_eth_edu_inc[1]          0.0     0.0  0.9   -1.9   -0.6    0.0    0.6    1.7   500    1
alpha_age_eth_edu_inc[2]         -0.1     0.0  0.9   -2.0   -0.6   -0.1    0.6    1.7   500    1
alpha_age_eth_edu_inc[3]          0.0     0.0  1.0   -1.8   -0.6    0.0    0.7    2.0   500    1
alpha_age_eth_edu_inc[4]          0.1     0.0  0.9   -1.4   -0.5    0.1    0.7    1.8   500    1
alpha_age_eth_edu_inc[5]         -0.2     0.0  0.9   -1.9   -0.8   -0.2    0.4    1.4   500    1
alpha_age_eth_edu_inc[6]          0.4     0.0  0.9   -1.4   -0.1    0.4    1.1    2.0   500    1
alpha_age_eth_edu_inc[7]          0.0     0.0  0.9   -1.9   -0.7    0.0    0.6    1.8   500    1
alpha_age_eth_edu_inc[8]         -0.1     0.0  0.9   -1.8   -0.6   -0.1    0.6    1.6   500    1
alpha_age_eth_edu_inc[9]          0.6     0.0  0.9   -1.0    0.1    0.7    1.2    2.3   500    1
alpha_age_eth_edu_inc[10]         0.2     0.0  0.9   -1.6   -0.5    0.3    0.9    2.0   500    1
alpha_age_eth_edu_inc[11]         0.4     0.0  1.0   -1.3   -0.2    0.5    1.1    2.4   500    1
alpha_age_eth_edu_inc[12]        -0.7     0.0  0.8   -2.3   -1.2   -0.6   -0.1    0.7   500    1
alpha_age_eth_edu_inc[13]         0.4     0.0  0.9   -1.5   -0.3    0.4    1.0    2.1   500    1
alpha_age_eth_edu_inc[14]        -0.5     0.0  0.9   -2.3   -1.1   -0.5    0.0    1.6   500    1
alpha_age_eth_edu_inc[15]        -0.4     0.0  1.0   -2.2   -1.0   -0.4    0.3    1.7   500    1
alpha_age_eth_edu_inc[16]        -0.3     0.0  0.9   -1.9   -0.8   -0.3    0.3    1.4   500    1
alpha_age_eth_edu_inc[17]         1.2     0.0  0.9   -0.6    0.6    1.2    1.8    3.0   500    1
alpha_age_eth_edu_inc[18]        -0.4     0.0  0.9   -2.0   -1.0   -0.4    0.3    1.3   500    1
alpha_age_eth_edu_inc[19]        -0.1     0.0  0.8   -1.7   -0.7   -0.1    0.5    1.5   500    1
alpha_age_eth_edu_inc[20]        -0.9     0.0  1.0   -3.0   -1.5   -0.9   -0.3    0.8   500    1
alpha_age_eth_edu_inc[21]         0.1     0.0  0.8   -1.7   -0.4    0.1    0.7    1.6   500    1
alpha_age_eth_edu_inc[22]        -0.4     0.0  1.0   -2.1   -1.1   -0.5    0.3    1.4   500    1
alpha_age_eth_edu_inc[23]        -0.4     0.0  1.0   -2.3   -1.0   -0.4    0.2    1.5   500    1
alpha_age_eth_edu_inc[24]         0.0     0.0  0.9   -1.7   -0.6    0.0    0.6    1.6   500    1
alpha_age_eth_edu_inc[25]        -0.2     0.0  1.0   -2.2   -0.9   -0.2    0.5    1.7   500    1
alpha_age_eth_edu_inc[26]         0.0     0.0  0.9   -1.7   -0.7    0.0    0.7    1.7   500    1
alpha_age_eth_edu_inc[27]        -0.3     0.0  1.0   -2.2   -1.0   -0.3    0.5    1.7   500    1
alpha_age_eth_edu_inc[28]        -0.1     0.0  0.9   -1.8   -0.7   -0.1    0.5    1.7   500    1
alpha_age_eth_edu_inc[29]        -0.5     0.0  0.9   -2.2   -1.1   -0.5    0.1    1.3   500    1
alpha_age_eth_edu_inc[30]         0.0     0.0  0.9   -1.9   -0.7    0.0    0.6    1.8   500    1
alpha_age_eth_edu_inc[31]        -0.3     0.0  0.9   -2.1   -0.8   -0.3    0.3    1.7   500    1
alpha_age_eth_edu_inc[32]         1.1     0.0  0.9   -0.8    0.5    1.1    1.7    2.9   500    1
alpha_age_eth_edu_inc[33]        -0.7     0.0  0.8   -2.3   -1.2   -0.7   -0.1    1.0   500    1
alpha_age_eth_edu_inc[34]         0.1     0.0  1.0   -1.8   -0.6    0.0    0.7    1.9   500    1
alpha_age_eth_edu_inc[35]         0.6     0.0  1.0   -1.3   -0.1    0.6    1.2    2.5   500    1
alpha_age_eth_edu_inc[36]        -0.4     0.0  0.8   -1.9   -1.0   -0.4    0.2    1.2   500    1
alpha_age_eth_edu_inc[37]        -0.2     0.0  0.9   -1.8   -0.7   -0.1    0.4    1.4   500    1
alpha_age_eth_edu_inc[38]         0.2     0.0  0.9   -1.6   -0.5    0.2    0.8    2.0   500    1
alpha_age_eth_edu_inc[39]         0.5     0.0  0.8   -1.1   -0.1    0.5    1.1    2.2   500    1
alpha_age_eth_edu_inc[40]         0.6     0.0  0.9   -1.1    0.0    0.7    1.2    2.3   500    1
alpha_age_eth_edu_inc[41]         0.3     0.0  0.8   -1.3   -0.2    0.3    0.8    1.8   500    1
alpha_age_eth_edu_inc[42]         0.1     0.0  0.8   -1.5   -0.3    0.2    0.6    1.7   500    1
alpha_age_eth_edu_inc[43]         0.4     0.0  0.9   -1.5   -0.2    0.4    1.0    2.1   500    1
alpha_age_eth_edu_inc[44]         0.4     0.0  0.8   -1.1   -0.1    0.4    0.9    2.0   500    1
alpha_age_eth_edu_inc[45]        -0.7     0.0  0.9   -2.3   -1.3   -0.7   -0.1    1.2   500    1
alpha_age_eth_edu_inc[46]        -0.3     0.0  0.9   -2.2   -0.9   -0.4    0.3    1.4   500    1
alpha_age_eth_edu_inc[47]        -0.5     0.0  0.9   -2.2   -1.1   -0.4    0.1    1.1   500    1
alpha_age_eth_edu_inc[48]         0.7     0.0  0.8   -0.9    0.1    0.7    1.2    2.2   500    1
alpha_age_eth_edu_inc[49]         0.3     0.0  0.9   -1.5   -0.2    0.3    0.9    2.0   500    1
alpha_age_eth_edu_inc[50]         0.4     0.0  0.9   -1.3   -0.2    0.4    0.9    2.3   500    1
alpha_age_eth_edu_inc[51]        -0.8     0.0  0.9   -2.7   -1.4   -0.8   -0.2    1.2   500    1
alpha_age_eth_edu_inc[52]        -0.7     0.0  1.0   -2.6   -1.3   -0.7   -0.1    1.1   500    1
alpha_age_eth_edu_inc[53]        -1.1     0.0  0.9   -2.8   -1.8   -1.1   -0.5    0.7   500    1
alpha_age_eth_edu_inc[54]         1.2     0.0  0.8   -0.4    0.7    1.2    1.8    2.8   500    1
alpha_age_eth_edu_inc[55]        -0.3     0.0  0.9   -2.0   -0.9   -0.3    0.4    1.5   500    1
alpha_age_eth_edu_inc[56]         0.1     0.0  0.9   -1.7   -0.5    0.1    0.6    1.9   500    1
alpha_age_eth_edu_inc[57]        -0.6     0.0  0.8   -2.0   -1.1   -0.5    0.0    0.9   500    1
alpha_age_eth_edu_inc[58]         0.2     0.0  0.9   -1.6   -0.3    0.2    0.7    1.8   500    1
alpha_age_eth_edu_inc[59]        -0.3     0.0  0.9   -2.0   -0.9   -0.3    0.3    1.6   500    1
alpha_age_eth_edu_inc[60]         1.0     0.0  0.8   -0.7    0.4    0.9    1.5    2.6   500    1
alpha_age_eth_edu_inc[61]         0.2     0.0  0.9   -1.6   -0.4    0.2    0.8    1.8   500    1
alpha_age_eth_edu_inc[62]         0.1     0.0  0.9   -1.6   -0.4    0.2    0.6    1.9   500    1
alpha_age_eth_edu_inc[63]         0.5     0.0  0.9   -1.2   -0.1    0.5    1.1    2.1   500    1
alpha_age_eth_edu_inc[64]         0.5     0.0  0.9   -1.3    0.0    0.6    1.1    2.2   500    1
alpha_age_eth_edu_inc[65]         0.3     0.0  1.0   -1.6   -0.4    0.3    1.0    2.0   500    1
alpha_age_eth_edu_inc[66]        -0.2     0.0  0.8   -1.8   -0.8   -0.2    0.3    1.3   500    1
alpha_age_eth_edu_inc[67]         0.0     0.0  0.9   -1.6   -0.5    0.0    0.6    1.8   500    1
alpha_age_eth_edu_inc[68]        -0.4     0.0  0.9   -2.1   -1.0   -0.4    0.1    1.3   500    1
alpha_age_eth_edu_inc[69]         0.4     0.0  0.8   -1.2   -0.1    0.4    0.9    2.1   500    1
alpha_age_eth_edu_inc[70]         0.2     0.0  0.9   -1.6   -0.4    0.2    0.9    2.2   500    1
alpha_age_eth_edu_inc[71]        -0.3     0.0  0.9   -2.0   -0.9   -0.3    0.2    1.4   381    1
alpha_age_eth_edu_inc[72]         0.3     0.0  0.8   -1.2   -0.2    0.4    0.9    1.9   500    1
alpha_age_eth_edu_inc[73]        -0.2     0.0  0.9   -1.9   -0.9   -0.2    0.4    1.6   500    1
alpha_age_eth_edu_inc[74]         0.0     0.0  0.9   -1.8   -0.7   -0.1    0.7    1.6   500    1
alpha_age_eth_edu_inc[75]         0.0     0.0  1.0   -1.8   -0.8   -0.1    0.6    1.8   500    1
alpha_age_eth_edu_inc[76]        -0.3     0.0  0.9   -2.0   -1.0   -0.3    0.3    1.5   500    1
alpha_age_eth_edu_inc[77]         0.4     0.0  0.9   -1.3   -0.3    0.4    1.0    2.2   500    1
alpha_age_eth_edu_inc[78]        -0.4     0.0  0.9   -2.1   -1.0   -0.4    0.1    1.2   500    1
alpha_age_eth_edu_inc[79]         0.0     0.0  0.9   -1.7   -0.6    0.0    0.6    1.7   500    1
alpha_age_eth_edu_inc[80]         0.3     0.0  1.0   -1.4   -0.4    0.3    1.0    2.3   500    1
alpha_age_eth_edu_inc[81]         0.5     0.0  0.9   -1.2   -0.1    0.5    1.1    2.2   500    1
alpha_age_eth_edu_inc[82]         0.0     0.0  0.9   -1.6   -0.6   -0.1    0.5    1.7   500    1
alpha_age_eth_edu_inc[83]        -0.3     0.0  0.9   -2.2   -0.9   -0.4    0.2    1.5   500    1
alpha_age_eth_edu_inc[84]        -0.1     0.0  0.8   -1.7   -0.6   -0.1    0.4    1.5   500    1
alpha_age_eth_edu_inc[85]        -0.3     0.0  0.9   -1.9   -0.9   -0.3    0.3    1.3   500    1
alpha_age_eth_edu_inc[86]        -0.2     0.0  0.9   -1.9   -0.8   -0.2    0.4    1.6   500    1
alpha_age_eth_edu_inc[87]         0.0     0.0  0.9   -1.6   -0.6    0.0    0.6    1.7   500    1
alpha_age_eth_edu_inc[88]         0.7     0.0  0.9   -1.1    0.0    0.6    1.3    2.4   500    1
alpha_age_eth_edu_inc[89]         0.6     0.0  0.9   -1.3   -0.1    0.6    1.2    2.2   500    1
alpha_age_eth_edu_inc[90]        -0.6     0.0  0.8   -2.0   -1.2   -0.7   -0.1    1.1   500    1
alpha_age_eth_edu_inc[91]        -0.5     0.0  0.8   -2.1   -1.0   -0.5    0.1    1.2   500    1
alpha_age_eth_edu_inc[92]         0.0     0.0  0.9   -1.9   -0.6    0.1    0.6    1.6   500    1
alpha_age_eth_edu_inc[93]        -0.1     0.0  0.8   -1.7   -0.7   -0.2    0.4    1.4   500    1
alpha_age_eth_edu_inc[94]         0.6     0.0  0.9   -1.4   -0.1    0.6    1.2    2.4   500    1
alpha_age_eth_edu_inc[95]         0.5     0.0  1.0   -1.2   -0.2    0.4    1.1    2.5   500    1
alpha_age_eth_edu_inc[96]        -0.8     0.0  0.8   -2.4   -1.4   -0.8   -0.3    0.7   500    1
alpha_age_eth_edu_inc[97]         0.4     0.0  1.0   -1.6   -0.3    0.4    1.1    2.3   500    1
alpha_age_eth_edu_inc[98]        -0.1     0.0  1.0   -2.1   -0.8   -0.1    0.5    1.6   500    1
alpha_age_eth_edu_inc[99]         0.2     0.0  1.0   -1.7   -0.6    0.2    0.9    2.2   500    1
alpha_age_eth_edu_inc[100]        0.6     0.0  0.9   -1.2    0.0    0.7    1.2    2.3   500    1
alpha_age_eth_edu_inc[101]       -0.2     0.0  0.8   -1.7   -0.8   -0.3    0.3    1.6   500    1
alpha_age_eth_edu_inc[102]       -0.9     0.0  0.9   -2.6   -1.6   -1.0   -0.4    0.7   500    1
alpha_age_eth_edu_inc[103]        0.0     0.0  1.0   -2.0   -0.6    0.0    0.7    2.0   500    1
alpha_age_eth_edu_inc[104]        0.1     0.0  1.0   -2.0   -0.5    0.1    0.7    1.9   500    1
alpha_age_eth_edu_inc[105]        0.1     0.0  0.8   -1.5   -0.4    0.1    0.7    1.7   497    1
alpha_age_eth_edu_inc[106]        0.1     0.0  0.8   -1.5   -0.5    0.1    0.6    1.7   500    1
alpha_age_eth_edu_inc[107]       -0.1     0.0  0.9   -1.9   -0.6   -0.1    0.5    1.6   500    1
alpha_age_eth_edu_inc[108]       -0.4     0.0  0.8   -1.9   -1.0   -0.4    0.2    1.2   500    1
alpha_age_eth_edu_inc[109]       -0.2     0.0  0.9   -1.9   -0.8   -0.2    0.4    1.4   500    1
alpha_age_eth_edu_inc[110]       -0.2     0.0  0.9   -1.9   -0.8   -0.2    0.5    1.6   500    1
alpha_age_eth_edu_inc[111]        0.0     0.0  0.9   -1.9   -0.7    0.0    0.6    1.6   500    1
alpha_age_eth_edu_inc[112]       -1.0     0.0  0.8   -2.6   -1.5   -1.0   -0.4    0.8   500    1
alpha_age_eth_edu_inc[113]       -0.2     0.0  0.9   -1.8   -0.8   -0.2    0.4    1.5   500    1
alpha_age_eth_edu_inc[114]        0.1     0.0  0.8   -1.4   -0.4    0.2    0.7    1.7   500    1
alpha_age_eth_edu_inc[115]        0.0     0.0  0.9   -1.7   -0.6    0.0    0.6    1.9   500    1
alpha_age_eth_edu_inc[116]        0.5     0.0  0.8   -1.2   -0.1    0.4    1.1    2.0   500    1
alpha_age_eth_edu_inc[117]        0.3     0.0  1.0   -1.9   -0.3    0.3    0.9    2.2   500    1
alpha_age_eth_edu_inc[118]        0.0     0.0  0.9   -1.9   -0.6    0.1    0.6    1.8   500    1
alpha_age_eth_edu_inc[119]        1.0     0.0  0.9   -0.8    0.4    1.0    1.6    2.8   500    1
alpha_age_eth_edu_inc[120]        0.2     0.0  0.8   -1.4   -0.4    0.2    0.8    1.7   500    1
alpha_age_eth_edu_inc[121]       -0.1     0.0  1.0   -1.9   -0.8    0.0    0.6    1.9   500    1
alpha_age_eth_edu_inc[122]       -0.2     0.0  1.0   -2.2   -0.9   -0.2    0.4    1.9   500    1
alpha_age_eth_edu_inc[123]        0.1     0.0  1.0   -1.8   -0.6    0.1    0.7    1.9   500    1
alpha_age_eth_edu_inc[124]        0.0     0.0  1.1   -2.1   -0.7    0.0    0.6    2.2   500    1
alpha_age_eth_edu_inc[125]       -0.5     0.0  0.9   -2.2   -1.2   -0.5    0.1    1.3   500    1
alpha_age_eth_edu_inc[126]        0.4     0.0  0.9   -1.8   -0.3    0.4    1.0    2.1   500    1
alpha_age_eth_edu_inc[127]       -0.1     0.0  1.0   -2.1   -0.6    0.0    0.6    1.7   500    1
alpha_age_eth_edu_inc[128]        0.3     0.0  1.0   -1.8   -0.4    0.3    0.9    2.5   500    1
alpha_age_eth_edu_inc[129]        0.2     0.0  0.9   -1.5   -0.3    0.2    0.9    2.2   500    1
alpha_age_eth_edu_inc[130]       -0.3     0.0  0.9   -2.1   -0.9   -0.3    0.3    1.5   500    1
alpha_age_eth_edu_inc[131]        0.2     0.0  1.0   -1.8   -0.4    0.1    0.8    2.0   500    1
alpha_age_eth_edu_inc[132]        0.1     0.0  0.9   -1.6   -0.5    0.1    0.8    1.9   500    1
alpha_age_eth_edu_inc[133]        0.5     0.0  0.9   -1.5   -0.1    0.5    1.2    2.1   500    1
alpha_age_eth_edu_inc[134]        0.0     0.0  0.9   -1.8   -0.6    0.0    0.5    1.7   500    1
alpha_age_eth_edu_inc[135]       -0.4     0.0  0.9   -2.1   -1.0   -0.4    0.2    1.3   500    1
alpha_age_eth_edu_inc[136]       -0.2     0.0  0.9   -1.9   -0.8   -0.1    0.4    1.4   500    1
alpha_age_eth_edu_inc[137]       -0.2     0.0  0.9   -2.0   -0.8   -0.2    0.4    1.4   500    1
alpha_age_eth_edu_inc[138]        1.1     0.0  0.9   -0.7    0.5    1.1    1.8    2.9   500    1
alpha_age_eth_edu_inc[139]       -0.3     0.0  1.0   -2.3   -1.0   -0.4    0.4    1.7   500    1
alpha_age_eth_edu_inc[140]       -0.3     0.0  1.0   -2.2   -0.9   -0.3    0.3    1.5   500    1
alpha_age_eth_edu_inc[141]        0.2     0.0  0.9   -1.5   -0.4    0.2    0.8    2.0   500    1
alpha_age_eth_edu_inc[142]        0.1     0.0  1.0   -1.8   -0.6    0.1    0.8    2.1   500    1
alpha_age_eth_edu_inc[143]       -0.4     0.0  1.0   -2.4   -1.1   -0.5    0.2    1.4   500    1
alpha_age_eth_edu_inc[144]       -0.7     0.0  1.0   -2.6   -1.3   -0.6    0.0    1.3   500    1
alpha_age_sex_eth_inc[1]          0.0     0.0  1.0   -1.8   -0.7    0.0    0.7    2.1   500    1
alpha_age_sex_eth_inc[2]         -0.2     0.0  1.0   -2.1   -0.8   -0.2    0.4    1.9   500    1
alpha_age_sex_eth_inc[3]          0.3     0.0  0.9   -1.5   -0.3    0.3    1.0    2.1   500    1
alpha_age_sex_eth_inc[4]          0.0     0.0  0.9   -1.9   -0.7    0.0    0.6    1.8   500    1
alpha_age_sex_eth_inc[5]         -0.2     0.0  1.0   -2.1   -0.9   -0.2    0.4    1.9   500    1
alpha_age_sex_eth_inc[6]          0.2     0.0  0.8   -1.4   -0.3    0.2    0.7    1.8   500    1
alpha_age_sex_eth_inc[7]          0.0     0.0  1.0   -2.0   -0.6    0.1    0.7    1.9   500    1
alpha_age_sex_eth_inc[8]          0.4     0.0  1.0   -1.5   -0.3    0.4    1.1    2.2   500    1
alpha_age_sex_eth_inc[9]         -0.4     0.0  1.0   -2.3   -1.0   -0.4    0.3    1.7   500    1
alpha_age_sex_eth_inc[10]         0.0     0.0  0.9   -1.8   -0.6    0.0    0.6    1.7   500    1
alpha_age_sex_eth_inc[11]         0.3     0.0  1.1   -1.9   -0.3    0.4    1.1    2.4   500    1
alpha_age_sex_eth_inc[12]         0.3     0.0  0.9   -1.5   -0.3    0.2    0.9    2.1   500    1
alpha_age_sex_eth_inc[13]         0.2     0.0  1.0   -1.7   -0.5    0.1    0.8    2.0   500    1
alpha_age_sex_eth_inc[14]         0.3     0.0  1.0   -1.6   -0.4    0.3    0.9    2.2   500    1
alpha_age_sex_eth_inc[15]        -0.1     0.0  0.9   -1.9   -0.8   -0.2    0.5    1.7   500    1
alpha_age_sex_eth_inc[16]        -0.2     0.0  1.1   -2.4   -0.9   -0.2    0.5    1.9   500    1
alpha_age_sex_eth_inc[17]        -0.1     0.0  0.9   -1.9   -0.8   -0.2    0.5    1.6   500    1
alpha_age_sex_eth_inc[18]        -0.5     0.0  1.0   -2.4   -1.2   -0.6    0.1    1.2   500    1
alpha_age_sex_eth_inc[19]        -0.2     0.0  1.0   -2.1   -0.9   -0.3    0.5    1.8   500    1
alpha_age_sex_eth_inc[20]         0.1     0.0  1.0   -1.9   -0.6    0.1    0.7    2.0   500    1
alpha_age_sex_eth_inc[21]        -0.1     0.0  1.0   -1.9   -0.9   -0.1    0.6    1.9   500    1
alpha_age_sex_eth_inc[22]         0.2     0.0  0.9   -1.4   -0.4    0.2    0.8    2.1   500    1
alpha_age_sex_eth_inc[23]        -0.1     0.0  0.9   -1.8   -0.8   -0.2    0.6    1.9   500    1
alpha_age_sex_eth_inc[24]         0.2     0.0  0.9   -1.5   -0.5    0.1    0.8    2.0   500    1
alpha_age_sex_eth_inc[25]         0.2     0.0  1.0   -1.6   -0.4    0.2    0.9    2.1   500    1
alpha_age_sex_eth_inc[26]         0.0     0.0  0.9   -1.7   -0.6    0.0    0.6    1.6   500    1
alpha_age_sex_eth_inc[27]        -0.3     0.0  0.9   -2.0   -1.0   -0.4    0.3    1.4   500    1
alpha_age_sex_eth_inc[28]         0.0     0.0  1.0   -1.9   -0.6    0.0    0.6    2.1   500    1
alpha_age_sex_eth_inc[29]        -0.5     0.0  0.9   -2.2   -1.2   -0.5    0.1    1.1   500    1
alpha_age_sex_eth_inc[30]        -0.1     0.0  0.9   -1.7   -0.7    0.0    0.6    1.4   379    1
alpha_age_sex_eth_inc[31]        -0.2     0.0  1.0   -2.0   -0.9   -0.2    0.4    1.8   500    1
alpha_age_sex_eth_inc[32]        -0.1     0.0  0.9   -1.9   -0.7   -0.1    0.4    1.7   500    1
alpha_age_sex_eth_inc[33]         0.2     0.0  0.9   -1.6   -0.4    0.2    0.9    2.0   500    1
alpha_age_sex_eth_inc[34]         0.1     0.0  1.0   -1.7   -0.6    0.1    0.7    2.0   500    1
alpha_age_sex_eth_inc[35]         0.5     0.0  0.9   -1.3   -0.2    0.4    1.1    2.3   500    1
alpha_age_sex_eth_inc[36]         0.0     0.0  0.8   -1.5   -0.5    0.0    0.6    1.6   500    1
alpha_age_sex_eth_inc[37]        -0.4     0.0  1.0   -2.3   -1.0   -0.4    0.2    1.6   500    1
alpha_age_sex_eth_inc[38]        -0.5     0.0  0.9   -2.3   -1.1   -0.4    0.1    1.4   500    1
alpha_age_sex_eth_inc[39]         0.7     0.0  0.8   -1.1    0.1    0.7    1.3    2.1   395    1
alpha_age_sex_eth_inc[40]         0.5     0.0  0.9   -1.2   -0.2    0.5    1.1    2.4   500    1
alpha_age_sex_eth_inc[41]         0.3     0.0  0.9   -1.5   -0.4    0.3    0.9    2.1   500    1
alpha_age_sex_eth_inc[42]         0.6     0.0  0.8   -1.1    0.0    0.6    1.2    2.2   500    1
alpha_age_sex_eth_inc[43]         0.0     0.0  1.0   -2.0   -0.7    0.0    0.6    1.9   500    1
alpha_age_sex_eth_inc[44]         0.2     0.0  1.1   -1.8   -0.6    0.2    1.0    2.2   500    1
alpha_age_sex_eth_inc[45]        -0.3     0.0  1.0   -2.3   -0.9   -0.3    0.3    1.5   500    1
alpha_age_sex_eth_inc[46]         0.1     0.0  0.8   -1.5   -0.4    0.2    0.7    1.9   500    1
alpha_age_sex_eth_inc[47]         0.0     0.0  0.9   -1.8   -0.6    0.0    0.6    1.8   500    1
alpha_age_sex_eth_inc[48]        -0.8     0.0  0.9   -2.6   -1.4   -0.9   -0.3    0.9   500    1
alpha_age_sex_eth_inc[49]         0.2     0.0  1.1   -1.9   -0.6    0.2    0.9    2.2   500    1
alpha_age_sex_eth_inc[50]        -0.2     0.0  0.9   -1.9   -0.9   -0.3    0.4    1.5   500    1
alpha_age_sex_eth_inc[51]         0.3     0.0  1.0   -1.8   -0.3    0.4    1.0    2.1   500    1
alpha_age_sex_eth_inc[52]        -0.2     0.0  0.9   -1.8   -0.9   -0.3    0.4    1.6   500    1
alpha_age_sex_eth_inc[53]         0.1     0.0  0.9   -1.7   -0.6    0.0    0.7    1.8   344    1
alpha_age_sex_eth_inc[54]         0.3     0.0  0.9   -1.4   -0.3    0.3    0.9    1.9   500    1
alpha_age_sex_eth_inc[55]         0.0     0.0  1.0   -2.0   -0.6    0.0    0.7    1.8   500    1
alpha_age_sex_eth_inc[56]         0.0     0.0  1.0   -2.0   -0.7    0.0    0.8    2.0   500    1
alpha_age_sex_eth_inc[57]         0.4     0.0  1.0   -1.6   -0.3    0.4    1.1    2.3   500    1
alpha_age_sex_eth_inc[58]         0.0     0.0  1.1   -2.1   -0.7    0.0    0.8    1.9   500    1
alpha_age_sex_eth_inc[59]        -0.7     0.1  1.0   -2.7   -1.4   -0.7    0.0    1.3   311    1
alpha_age_sex_eth_inc[60]        -0.3     0.0  1.0   -2.2   -0.9   -0.3    0.3    1.7   500    1
alpha_age_sex_eth_inc[61]         0.4     0.0  1.0   -1.5   -0.2    0.4    1.2    2.4   500    1
alpha_age_sex_eth_inc[62]         0.0     0.0  1.0   -1.9   -0.6    0.0    0.6    2.0   500    1
alpha_age_sex_eth_inc[63]        -1.0     0.0  0.9   -2.8   -1.6   -0.9   -0.4    0.8   500    1
alpha_age_sex_eth_inc[64]        -0.3     0.0  1.0   -2.3   -1.0   -0.3    0.4    1.5   500    1
alpha_age_sex_eth_inc[65]         0.4     0.0  1.0   -1.4   -0.2    0.5    1.1    2.3   500    1
alpha_age_sex_eth_inc[66]         0.0     0.0  0.8   -1.5   -0.5    0.1    0.7    1.6   500    1
alpha_age_sex_eth_inc[67]        -0.1     0.0  1.0   -1.9   -0.8   -0.2    0.6    1.8   483    1
alpha_age_sex_eth_inc[68]        -0.2     0.0  0.9   -1.9   -0.9   -0.2    0.4    1.7   500    1
alpha_age_sex_eth_inc[69]         0.1     0.0  1.0   -1.8   -0.6    0.1    0.7    1.9   500    1
alpha_age_sex_eth_inc[70]        -0.2     0.0  1.0   -1.9   -0.9   -0.2    0.5    1.7   500    1
alpha_age_sex_eth_inc[71]         0.3     0.0  1.0   -1.5   -0.4    0.3    1.0    2.2   500    1
alpha_age_sex_eth_inc[72]         0.6     0.0  1.0   -1.5   -0.1    0.6    1.2    2.5   500    1
alpha_age_sex_edu_inc[1]         -0.4     0.0  0.8   -2.0   -1.0   -0.5    0.1    1.2   500    1
alpha_age_sex_edu_inc[2]          0.3     0.0  0.9   -1.5   -0.4    0.3    0.9    2.1   500    1
alpha_age_sex_edu_inc[3]          0.5     0.0  0.8   -0.9    0.0    0.5    1.1    2.1   500    1
alpha_age_sex_edu_inc[4]          0.6     0.0  0.8   -0.8    0.1    0.5    1.1    2.1   456    1
alpha_age_sex_edu_inc[5]          0.8     0.0  0.7   -0.8    0.3    0.8    1.2    2.1   500    1
alpha_age_sex_edu_inc[6]         -0.1     0.0  0.8   -1.6   -0.6   -0.1    0.4    1.3   343    1
alpha_age_sex_edu_inc[7]          0.2     0.0  0.8   -1.6   -0.4    0.2    0.7    1.7   500    1
alpha_age_sex_edu_inc[8]          0.2     0.0  0.8   -1.4   -0.3    0.2    0.8    2.0   500    1
alpha_age_sex_edu_inc[9]          0.2     0.0  0.7   -1.4   -0.2    0.1    0.6    1.5   351    1
alpha_age_sex_edu_inc[10]        -0.5     0.0  0.9   -2.1   -1.1   -0.5    0.1    1.2   500    1
alpha_age_sex_edu_inc[11]        -0.2     0.0  0.9   -2.0   -0.8   -0.1    0.4    1.6   500    1
alpha_age_sex_edu_inc[12]         0.7     0.0  0.7   -0.6    0.2    0.6    1.1    2.1   500    1
alpha_age_sex_edu_inc[13]         0.5     0.0  0.8   -1.1    0.0    0.5    1.0    1.8   500    1
alpha_age_sex_edu_inc[14]        -0.9     0.0  0.8   -2.4   -1.5   -0.9   -0.4    0.7   500    1
alpha_age_sex_edu_inc[15]        -0.4     0.0  0.9   -1.9   -1.0   -0.4    0.2    1.3   500    1
alpha_age_sex_edu_inc[16]        -0.3     0.0  0.7   -1.6   -0.8   -0.3    0.3    1.1   500    1
alpha_age_sex_edu_inc[17]         0.4     0.0  0.8   -1.3   -0.1    0.4    0.9    2.0   500    1
alpha_age_sex_edu_inc[18]         0.5     0.0  0.8   -1.0    0.0    0.5    1.0    2.2   362    1
alpha_age_sex_edu_inc[19]        -0.3     0.0  0.8   -1.8   -0.8   -0.3    0.1    1.3   500    1
alpha_age_sex_edu_inc[20]         0.5     0.1  0.8   -1.1    0.1    0.6    1.0    2.0   229    1
alpha_age_sex_edu_inc[21]        -1.1     0.0  0.8   -2.5   -1.6   -1.1   -0.6    0.5   274    1
alpha_age_sex_edu_inc[22]        -0.4     0.0  0.8   -1.9   -0.9   -0.4    0.1    1.2   500    1
alpha_age_sex_edu_inc[23]         0.3     0.0  0.8   -1.2   -0.2    0.4    0.9    1.7   500    1
alpha_age_sex_edu_inc[24]        -1.2     0.0  0.7   -2.7   -1.7   -1.3   -0.8    0.1   227    1
alpha_age_sex_edu_inc[25]        -0.1     0.0  0.8   -1.6   -0.6   -0.1    0.4    1.5   500    1
alpha_age_sex_edu_inc[26]         0.1     0.0  0.8   -1.6   -0.5    0.0    0.7    1.7   500    1
alpha_age_sex_edu_inc[27]         0.0     0.0  0.8   -1.5   -0.5    0.0    0.5    1.7   428    1
alpha_age_sex_edu_inc[28]        -0.1     0.0  0.8   -1.6   -0.6   -0.1    0.4    1.5   389    1
alpha_age_sex_edu_inc[29]         0.0     0.0  0.8   -1.7   -0.6   -0.1    0.5    1.4   500    1
alpha_age_sex_edu_inc[30]        -0.1     0.1  0.8   -1.7   -0.6   -0.1    0.4    1.5   176    1
alpha_age_sex_edu_inc[31]        -0.4     0.0  0.8   -1.9   -1.0   -0.4    0.1    1.2   500    1
alpha_age_sex_edu_inc[32]         0.7     0.0  0.8   -0.9    0.2    0.7    1.2    2.2   500    1
alpha_age_sex_edu_inc[33]         0.3     0.0  0.7   -1.0   -0.2    0.3    0.7    1.5   500    1
alpha_age_sex_edu_inc[34]         1.0     0.0  0.8   -0.5    0.5    1.0    1.5    2.6   500    1
alpha_age_sex_edu_inc[35]        -1.2     0.0  0.8   -2.9   -1.8   -1.2   -0.6    0.4   500    1
alpha_age_sex_edu_inc[36]        -0.5     0.0  0.7   -1.7   -1.0   -0.6   -0.1    0.8   261    1
alpha_age_sex_edu_inc[37]        -0.2     0.0  0.8   -1.7   -0.7   -0.3    0.2    1.4   375    1
alpha_age_sex_edu_inc[38]         0.5     0.0  0.7   -1.0    0.0    0.5    1.0    1.9   500    1
alpha_age_sex_edu_inc[39]        -0.4     0.0  0.7   -2.0   -0.9   -0.5    0.1    1.0   500    1
alpha_age_sex_edu_inc[40]         0.6     0.0  0.7   -0.8    0.1    0.6    1.0    2.1   295    1
alpha_age_sex_edu_inc[41]         0.1     0.0  0.8   -1.4   -0.4    0.1    0.6    1.6   500    1
alpha_age_sex_edu_inc[42]        -0.3     0.0  0.7   -1.7   -0.7   -0.3    0.3    1.1   500    1
alpha_age_sex_edu_inc[43]        -0.6     0.0  0.8   -2.1   -1.2   -0.6    0.0    1.0   448    1
alpha_age_sex_edu_inc[44]        -0.6     0.0  0.7   -2.0   -1.1   -0.6   -0.1    0.7   500    1
alpha_age_sex_edu_inc[45]         0.2     0.0  0.7   -1.1   -0.3    0.2    0.7    1.7   500    1
alpha_age_sex_edu_inc[46]         0.4     0.0  0.8   -1.2   -0.1    0.5    0.9    1.9   500    1
alpha_age_sex_edu_inc[47]         0.4     0.0  0.8   -1.2   -0.1    0.5    0.9    1.9   316    1
alpha_age_sex_edu_inc[48]         1.1     0.0  0.7   -0.4    0.6    1.0    1.6    2.6   500    1
alpha_age_sex_edu_inc[49]         0.2     0.0  0.9   -1.6   -0.4    0.2    0.8    1.7   500    1
alpha_age_sex_edu_inc[50]        -0.3     0.0  0.8   -1.9   -0.9   -0.3    0.2    1.2   500    1
alpha_age_sex_edu_inc[51]        -0.6     0.0  0.8   -2.2   -1.2   -0.6   -0.1    1.1   500    1
alpha_age_sex_edu_inc[52]        -0.1     0.0  0.9   -1.8   -0.7   -0.1    0.5    1.6   500    1
alpha_age_sex_edu_inc[53]        -0.9     0.0  0.9   -2.6   -1.4   -0.9   -0.3    1.0   500    1
alpha_age_sex_edu_inc[54]         1.7     0.0  0.8    0.1    1.2    1.7    2.2    3.2   363    1
alpha_age_sex_edu_inc[55]         0.0     0.0  0.9   -1.6   -0.6    0.0    0.6    1.7   500    1
alpha_age_sex_edu_inc[56]        -0.7     0.0  0.9   -2.5   -1.3   -0.7    0.0    1.0   500    1
alpha_age_sex_edu_inc[57]         0.9     0.0  0.8   -0.7    0.4    0.9    1.5    2.4   500    1
alpha_age_sex_edu_inc[58]        -0.1     0.0  0.9   -1.7   -0.6   -0.1    0.5    1.6   500    1
alpha_age_sex_edu_inc[59]        -0.4     0.0  0.9   -2.3   -1.0   -0.5    0.2    1.3   500    1
alpha_age_sex_edu_inc[60]         0.1     0.0  0.7   -1.3   -0.3    0.1    0.6    1.6   500    1
alpha_age_sex_edu_inc[61]         0.7     0.0  0.8   -0.9    0.2    0.7    1.1    2.1   500    1
alpha_age_sex_edu_inc[62]        -0.4     0.1  0.7   -1.9   -0.9   -0.4    0.1    1.0   106    1
alpha_age_sex_edu_inc[63]         0.6     0.0  0.7   -1.0    0.1    0.6    1.0    1.9   500    1
alpha_age_sex_edu_inc[64]        -0.6     0.0  0.8   -2.1   -1.1   -0.6   -0.2    1.1   500    1
alpha_age_sex_edu_inc[65]        -0.7     0.0  0.8   -2.3   -1.3   -0.7   -0.2    0.7   352    1
alpha_age_sex_edu_inc[66]        -0.6     0.0  0.8   -2.1   -1.1   -0.6    0.0    0.8   299    1
alpha_age_sex_edu_inc[67]        -0.6     0.0  0.8   -2.1   -1.1   -0.6   -0.1    1.0   500    1
alpha_age_sex_edu_inc[68]         1.5     0.0  0.8   -0.2    1.0    1.6    2.1    3.2   500    1
alpha_age_sex_edu_inc[69]         0.1     0.0  0.8   -1.5   -0.5    0.1    0.7    1.8   500    1
alpha_age_sex_edu_inc[70]         0.0     0.0  0.9   -2.1   -0.5    0.0    0.5    1.6   500    1
alpha_age_sex_edu_inc[71]         1.1     0.0  0.8   -0.5    0.5    1.1    1.6    2.7   500    1
alpha_age_sex_edu_inc[72]        -1.1     0.0  0.7   -2.6   -1.5   -1.1   -0.6    0.3   500    1
alpha_sex_eth_edu_inc[1]          0.2     0.0  0.9   -1.6   -0.4    0.2    0.8    1.9   500    1
alpha_sex_eth_edu_inc[2]          0.2     0.0  1.0   -1.8   -0.6    0.1    0.9    2.1   500    1
alpha_sex_eth_edu_inc[3]         -0.5     0.0  0.9   -2.1   -1.1   -0.5    0.2    1.4   500    1
alpha_sex_eth_edu_inc[4]          0.4     0.0  0.9   -1.4   -0.2    0.3    1.0    2.1   500    1
alpha_sex_eth_edu_inc[5]         -0.4     0.0  0.9   -2.0   -1.0   -0.4    0.2    1.4   500    1
alpha_sex_eth_edu_inc[6]          0.9     0.0  0.9   -0.8    0.3    0.9    1.6    2.7   500    1
alpha_sex_eth_edu_inc[7]         -0.1     0.0  0.9   -1.8   -0.8   -0.1    0.6    1.7   500    1
alpha_sex_eth_edu_inc[8]          0.4     0.0  1.0   -1.5   -0.4    0.3    1.0    2.3   500    1
alpha_sex_eth_edu_inc[9]          0.5     0.0  0.9   -1.3   -0.1    0.4    1.0    2.3   500    1
alpha_sex_eth_edu_inc[10]         0.0     0.0  0.9   -1.8   -0.6    0.0    0.6    1.8   500    1
alpha_sex_eth_edu_inc[11]        -0.7     0.0  0.9   -2.6   -1.4   -0.7    0.0    1.0   500    1
alpha_sex_eth_edu_inc[12]        -0.3     0.0  0.8   -1.9   -0.8   -0.3    0.2    1.2   500    1
alpha_sex_eth_edu_inc[13]         0.0     0.0  0.9   -1.9   -0.6    0.0    0.6    1.7   500    1
alpha_sex_eth_edu_inc[14]        -0.3     0.0  0.9   -2.1   -0.9   -0.3    0.3    1.3   500    1
alpha_sex_eth_edu_inc[15]         0.2     0.0  0.9   -1.6   -0.5    0.2    0.9    2.1   500    1
alpha_sex_eth_edu_inc[16]        -0.2     0.0  0.9   -2.1   -0.8   -0.2    0.4    1.5   500    1
alpha_sex_eth_edu_inc[17]        -0.2     0.0  0.9   -2.0   -0.8   -0.2    0.4    1.6   500    1
alpha_sex_eth_edu_inc[18]        -0.2     0.0  0.8   -1.9   -0.7   -0.2    0.3    1.3   500    1
alpha_sex_eth_edu_inc[19]         0.0     0.0  0.9   -1.8   -0.6   -0.1    0.5    1.7   500    1
alpha_sex_eth_edu_inc[20]        -0.8     0.0  1.0   -2.7   -1.4   -0.8   -0.1    1.2   500    1
alpha_sex_eth_edu_inc[21]         0.6     0.0  0.9   -1.2    0.1    0.7    1.2    2.4   500    1
alpha_sex_eth_edu_inc[22]         0.0     0.0  0.9   -1.9   -0.6    0.0    0.7    2.0   498    1
alpha_sex_eth_edu_inc[23]         0.3     0.0  1.0   -1.6   -0.4    0.3    0.9    2.2   500    1
alpha_sex_eth_edu_inc[24]        -0.1     0.0  0.9   -1.8   -0.7   -0.1    0.6    1.7   500    1
alpha_sex_eth_edu_inc[25]        -0.3     0.0  1.0   -2.0   -1.0   -0.3    0.4    1.7   500    1
alpha_sex_eth_edu_inc[26]         0.0     0.0  1.1   -2.1   -0.6    0.0    0.8    2.2   500    1
alpha_sex_eth_edu_inc[27]        -0.1     0.0  1.0   -2.1   -0.8   -0.1    0.6    1.7   500    1
alpha_sex_eth_edu_inc[28]        -0.4     0.0  1.0   -2.2   -1.0   -0.3    0.2    1.5   500    1
alpha_sex_eth_edu_inc[29]         0.0     0.0  1.0   -1.8   -0.7    0.0    0.7    1.9   500    1
alpha_sex_eth_edu_inc[30]        -0.3     0.0  0.9   -2.0   -0.9   -0.4    0.3    1.6   500    1
alpha_sex_eth_edu_inc[31]         0.0     0.0  1.0   -1.8   -0.6    0.1    0.6    2.0   500    1
alpha_sex_eth_edu_inc[32]         0.7     0.0  1.1   -1.3    0.0    0.7    1.5    2.9   500    1
alpha_sex_eth_edu_inc[33]         0.0     0.0  0.9   -1.7   -0.5    0.0    0.6    1.7   500    1
alpha_sex_eth_edu_inc[34]         0.1     0.0  1.0   -1.8   -0.6    0.1    0.8    2.0   500    1
alpha_sex_eth_edu_inc[35]        -0.2     0.0  1.0   -2.0   -0.9   -0.2    0.5    1.7   500    1
alpha_sex_eth_edu_inc[36]         0.5     0.0  0.9   -1.3    0.0    0.6    1.1    2.4   500    1
alpha_sex_eth_edu_inc[37]        -0.3     0.0  1.0   -2.2   -0.9   -0.3    0.4    1.7   500    1
alpha_sex_eth_edu_inc[38]         0.1     0.0  0.9   -1.8   -0.5    0.1    0.8    1.8   500    1
alpha_sex_eth_edu_inc[39]         0.3     0.0  0.9   -1.3   -0.4    0.3    1.0    2.1   500    1
alpha_sex_eth_edu_inc[40]         0.3     0.0  0.9   -1.4   -0.3    0.4    1.0    2.0   500    1
alpha_sex_eth_edu_inc[41]         0.7     0.0  0.9   -1.1    0.0    0.7    1.3    2.4   500    1
alpha_sex_eth_edu_inc[42]         0.3     0.0  0.9   -1.3   -0.4    0.3    0.8    2.1   500    1
alpha_sex_eth_edu_inc[43]         0.0     0.0  0.9   -1.9   -0.6    0.0    0.6    2.0   500    1
alpha_sex_eth_edu_inc[44]        -0.2     0.0  1.0   -2.1   -0.9   -0.2    0.4    1.7   500    1
alpha_sex_eth_edu_inc[45]        -0.4     0.0  0.9   -2.3   -1.0   -0.4    0.2    1.3   500    1
alpha_sex_eth_edu_inc[46]         0.0     0.0  1.1   -2.0   -0.7    0.1    0.7    2.0   500    1
alpha_sex_eth_edu_inc[47]        -0.2     0.0  1.0   -2.1   -0.9   -0.3    0.5    1.7   500    1
alpha_sex_eth_edu_inc[48]        -0.2     0.0  0.8   -1.9   -0.6   -0.1    0.3    1.5   500    1
alpha_sex_eth_edu_inc[49]         0.2     0.0  1.1   -1.8   -0.4    0.2    0.8    2.4   500    1
alpha_sex_eth_edu_inc[50]         0.0     0.0  1.0   -1.9   -0.6    0.0    0.7    1.9   500    1
alpha_sex_eth_edu_inc[51]         0.1     0.0  0.9   -2.0   -0.5    0.1    0.6    1.9   500    1
alpha_sex_eth_edu_inc[52]        -0.3     0.0  0.9   -2.2   -0.9   -0.3    0.3    1.4   500    1
alpha_sex_eth_edu_inc[53]        -0.8     0.0  0.9   -2.6   -1.4   -0.8   -0.1    1.0   500    1
alpha_sex_eth_edu_inc[54]        -0.4     0.0  0.9   -2.0   -1.0   -0.4    0.2    1.4   500    1
alpha_sex_eth_edu_inc[55]        -0.1     0.0  0.9   -2.0   -0.7   -0.1    0.5    1.6   500    1
alpha_sex_eth_edu_inc[56]        -0.3     0.0  0.9   -2.1   -0.9   -0.4    0.3    1.4   500    1
alpha_sex_eth_edu_inc[57]        -0.4     0.0  0.8   -2.1   -0.9   -0.4    0.2    1.2   500    1
alpha_sex_eth_edu_inc[58]         0.3     0.0  1.0   -1.6   -0.3    0.4    0.9    2.2   500    1
alpha_sex_eth_edu_inc[59]         0.7     0.0  0.9   -1.1    0.0    0.7    1.3    2.5   500    1
alpha_sex_eth_edu_inc[60]         0.1     0.0  0.8   -1.5   -0.4    0.1    0.7    1.6   500    1
alpha_sex_eth_edu_inc[61]         0.2     0.0  0.8   -1.3   -0.4    0.3    0.8    1.7   500    1
alpha_sex_eth_edu_inc[62]         0.0     0.0  0.9   -1.9   -0.6    0.0    0.6    1.8   500    1
alpha_sex_eth_edu_inc[63]         0.0     0.0  0.9   -1.7   -0.8   -0.1    0.6    1.9   500    1
alpha_sex_eth_edu_inc[64]        -0.4     0.0  0.9   -2.2   -0.9   -0.4    0.2    1.5   500    1
alpha_sex_eth_edu_inc[65]         1.1     0.0  0.9   -0.7    0.5    1.2    1.8    3.0   500    1
alpha_sex_eth_edu_inc[66]        -0.1     0.0  0.8   -1.7   -0.7    0.0    0.5    1.4   500    1
alpha_sex_eth_edu_inc[67]        -0.1     0.0  0.9   -1.8   -0.7   -0.2    0.5    1.6   500    1
alpha_sex_eth_edu_inc[68]         0.0     0.0  0.9   -1.6   -0.5    0.0    0.6    1.8   500    1
alpha_sex_eth_edu_inc[69]        -0.1     0.0  0.9   -1.7   -0.7   -0.1    0.5    1.6   500    1
alpha_sex_eth_edu_inc[70]        -0.1     0.0  0.9   -2.0   -0.8   -0.2    0.5    1.7   500    1
alpha_sex_eth_edu_inc[71]        -0.1     0.0  1.0   -1.9   -0.7   -0.1    0.6    1.7   500    1
alpha_sex_eth_edu_inc[72]         0.4     0.0  0.8   -1.1   -0.1    0.4    0.9    1.9   500    1
alpha_sex_eth_edu_inc[73]        -0.2     0.0  1.0   -2.1   -0.8   -0.1    0.4    1.8   500    1
alpha_sex_eth_edu_inc[74]        -0.1     0.0  1.0   -2.0   -0.8   -0.1    0.6    1.8   500    1
alpha_sex_eth_edu_inc[75]         0.0     0.0  1.0   -1.8   -0.6    0.0    0.7    1.8   500    1
alpha_sex_eth_edu_inc[76]         0.1     0.0  1.0   -1.7   -0.5    0.1    0.7    2.0   500    1
alpha_sex_eth_edu_inc[77]        -0.3     0.0  0.9   -2.0   -0.9   -0.3    0.3    1.4   500    1
alpha_sex_eth_edu_inc[78]         0.3     0.0  0.9   -1.6   -0.4    0.3    0.9    2.0   500    1
alpha_sex_eth_edu_inc[79]        -0.2     0.0  0.9   -1.9   -0.8   -0.2    0.4    1.5   500    1
alpha_sex_eth_edu_inc[80]         0.5     0.0  0.9   -1.3   -0.1    0.5    1.1    2.3   500    1
alpha_sex_eth_edu_inc[81]         0.1     0.0  0.9   -1.7   -0.5    0.1    0.8    1.9   500    1
alpha_sex_eth_edu_inc[82]        -0.2     0.0  1.0   -2.2   -0.9   -0.2    0.3    1.7   500    1
alpha_sex_eth_edu_inc[83]         0.3     0.0  1.0   -1.6   -0.4    0.2    0.9    2.3   500    1
alpha_sex_eth_edu_inc[84]        -0.9     0.0  0.9   -2.6   -1.5   -0.8   -0.2    0.8   500    1
alpha_sex_eth_edu_inc[85]         0.1     0.0  0.9   -1.8   -0.5    0.1    0.7    1.8   500    1
alpha_sex_eth_edu_inc[86]        -0.1     0.0  0.9   -1.8   -0.6   -0.1    0.5    1.7   500    1
alpha_sex_eth_edu_inc[87]        -0.1     0.0  1.0   -1.9   -0.8   -0.1    0.6    1.8   500    1
alpha_sex_eth_edu_inc[88]         0.4     0.0  0.9   -1.4   -0.1    0.4    1.0    2.3   500    1
alpha_sex_eth_edu_inc[89]         0.0     0.0  0.9   -2.0   -0.7    0.0    0.5    1.8   500    1
alpha_sex_eth_edu_inc[90]         0.1     0.0  0.9   -1.6   -0.5    0.1    0.7    1.9   500    1
alpha_sex_eth_edu_inc[91]        -0.4     0.0  0.9   -2.1   -0.9   -0.3    0.2    1.2   500    1
alpha_sex_eth_edu_inc[92]         0.5     0.0  0.9   -1.4   -0.1    0.5    1.1    2.2   500    1
alpha_sex_eth_edu_inc[93]        -0.1     0.0  0.9   -1.8   -0.6   -0.1    0.5    1.7   500    1
alpha_sex_eth_edu_inc[94]         0.2     0.0  0.9   -1.6   -0.4    0.2    0.8    1.9   500    1
alpha_sex_eth_edu_inc[95]         0.0     0.0  1.0   -1.8   -0.7    0.0    0.7    2.0   500    1
alpha_sex_eth_edu_inc[96]        -0.4     0.0  0.8   -2.1   -0.9   -0.4    0.1    1.4   500    1
alpha_age_sex_eth_edu_inc[1]      0.0     0.0  1.0   -1.9   -0.6    0.0    0.6    2.0   500    1
alpha_age_sex_eth_edu_inc[2]      0.0     0.0  1.0   -1.8   -0.6    0.0    0.7    1.7   500    1
alpha_age_sex_eth_edu_inc[3]      0.0     0.0  1.0   -2.0   -0.7    0.0    0.7    1.9   500    1
alpha_age_sex_eth_edu_inc[4]      0.0     0.0  0.9   -1.9   -0.6    0.0    0.7    1.8   500    1
alpha_age_sex_eth_edu_inc[5]      0.0     0.0  1.0   -1.9   -0.6    0.0    0.6    2.0   500    1
alpha_age_sex_eth_edu_inc[6]      0.1     0.0  1.0   -1.9   -0.6    0.1    0.8    2.2   500    1
alpha_age_sex_eth_edu_inc[7]      0.1     0.0  1.0   -1.8   -0.6    0.0    0.7    1.9   500    1
alpha_age_sex_eth_edu_inc[8]      0.0     0.0  1.1   -2.1   -0.8    0.0    0.8    1.8   500    1
alpha_age_sex_eth_edu_inc[9]      0.1     0.0  1.1   -2.0   -0.6    0.1    0.8    2.2   500    1
alpha_age_sex_eth_edu_inc[10]     0.0     0.0  0.9   -1.7   -0.6   -0.1    0.5    1.8   500    1
alpha_age_sex_eth_edu_inc[11]    -0.1     0.0  1.0   -1.9   -0.7   -0.1    0.5    2.1   500    1
alpha_age_sex_eth_edu_inc[12]    -0.2     0.0  1.0   -2.2   -0.8   -0.1    0.5    1.8   500    1
alpha_age_sex_eth_edu_inc[13]     0.0     0.0  0.9   -1.9   -0.7   -0.1    0.7    1.7   500    1
alpha_age_sex_eth_edu_inc[14]     0.0     0.0  1.0   -1.9   -0.6    0.0    0.6    2.1   500    1
alpha_age_sex_eth_edu_inc[15]    -0.1     0.0  1.0   -2.0   -0.7   -0.2    0.5    2.1   500    1
alpha_age_sex_eth_edu_inc[16]     0.0     0.0  1.0   -1.9   -0.6    0.0    0.6    1.8   500    1
alpha_age_sex_eth_edu_inc[17]     0.1     0.0  1.0   -2.0   -0.6    0.1    0.9    2.2   500    1
alpha_age_sex_eth_edu_inc[18]    -0.1     0.0  1.0   -2.1   -0.7   -0.1    0.7    1.7   500    1
alpha_age_sex_eth_edu_inc[19]     0.1     0.0  1.0   -1.8   -0.6    0.0    0.7    2.1   500    1
alpha_age_sex_eth_edu_inc[20]    -0.1     0.0  1.0   -2.0   -0.8   -0.1    0.5    1.7   500    1
alpha_age_sex_eth_edu_inc[21]     0.2     0.0  1.0   -1.8   -0.5    0.2    0.9    2.1   500    1
alpha_age_sex_eth_edu_inc[22]     0.0     0.0  1.0   -2.1   -0.7   -0.1    0.7    1.9   500    1
alpha_age_sex_eth_edu_inc[23]     0.0     0.0  1.0   -2.0   -0.7   -0.1    0.6    1.8   500    1
alpha_age_sex_eth_edu_inc[24]     0.1     0.0  1.0   -1.9   -0.6    0.1    0.8    2.1   500    1
alpha_age_sex_eth_edu_inc[25]    -0.1     0.0  1.0   -2.0   -0.8   -0.1    0.6    1.9   500    1
alpha_age_sex_eth_edu_inc[26]     0.0     0.0  1.1   -2.3   -0.8    0.0    0.7    2.2   500    1
alpha_age_sex_eth_edu_inc[27]     0.0     0.0  1.0   -2.0   -0.7   -0.1    0.7    2.0   500    1
alpha_age_sex_eth_edu_inc[28]     0.0     0.0  1.0   -1.9   -0.6    0.1    0.6    2.0   500    1
alpha_age_sex_eth_edu_inc[29]     0.0     0.0  1.0   -2.1   -0.7    0.0    0.6    1.8   500    1
alpha_age_sex_eth_edu_inc[30]    -0.1     0.0  1.0   -2.0   -0.8   -0.2    0.6    1.8   500    1
alpha_age_sex_eth_edu_inc[31]    -0.1     0.0  1.0   -1.8   -0.8   -0.1    0.6    1.8   500    1
alpha_age_sex_eth_edu_inc[32]     0.1     0.0  1.0   -2.0   -0.5    0.1    0.8    1.9   440    1
alpha_age_sex_eth_edu_inc[33]    -0.2     0.0  1.0   -2.0   -0.9   -0.2    0.4    1.7   500    1
alpha_age_sex_eth_edu_inc[34]     0.1     0.0  1.0   -1.8   -0.5    0.1    0.7    1.9   500    1
alpha_age_sex_eth_edu_inc[35]     0.2     0.0  1.0   -1.8   -0.4    0.2    0.8    2.0   500    1
alpha_age_sex_eth_edu_inc[36]     0.0     0.0  1.0   -1.8   -0.6    0.1    0.7    2.0   500    1
alpha_age_sex_eth_edu_inc[37]     0.0     0.0  1.0   -2.1   -0.7    0.0    0.7    2.1   500    1
alpha_age_sex_eth_edu_inc[38]     0.0     0.0  0.9   -1.7   -0.6    0.0    0.6    1.8   500    1
alpha_age_sex_eth_edu_inc[39]     0.2     0.0  1.0   -1.7   -0.6    0.2    0.8    2.1   500    1
alpha_age_sex_eth_edu_inc[40]     0.1     0.0  0.9   -1.6   -0.5    0.1    0.7    2.0   500    1
alpha_age_sex_eth_edu_inc[41]     0.1     0.0  0.9   -1.7   -0.6    0.1    0.8    1.8   500    1
alpha_age_sex_eth_edu_inc[42]     0.0     0.0  1.0   -2.0   -0.7    0.0    0.7    1.9   500    1
alpha_age_sex_eth_edu_inc[43]    -0.1     0.0  1.0   -2.1   -0.7    0.0    0.5    1.7   500    1
alpha_age_sex_eth_edu_inc[44]     0.0     0.0  1.1   -2.0   -0.6    0.0    0.7    2.4   500    1
alpha_age_sex_eth_edu_inc[45]    -0.1     0.0  1.1   -2.0   -0.8   -0.1    0.5    2.0   500    1
alpha_age_sex_eth_edu_inc[46]    -0.1     0.0  1.0   -2.2   -0.8   -0.1    0.6    1.7   500    1
alpha_age_sex_eth_edu_inc[47]    -0.1     0.0  1.1   -2.1   -0.7   -0.1    0.6    2.1   500    1
alpha_age_sex_eth_edu_inc[48]     0.2     0.0  0.9   -1.5   -0.4    0.3    0.8    2.0   500    1
alpha_age_sex_eth_edu_inc[49]     0.0     0.0  1.1   -2.1   -0.7    0.0    0.7    2.1   500    1
alpha_age_sex_eth_edu_inc[50]    -0.1     0.0  0.9   -1.9   -0.7   -0.1    0.6    1.8   500    1
alpha_age_sex_eth_edu_inc[51]     0.0     0.0  0.9   -1.8   -0.6    0.0    0.7    1.8   500    1
alpha_age_sex_eth_edu_inc[52]    -0.1     0.0  1.0   -1.9   -0.8   -0.1    0.6    1.8   500    1
alpha_age_sex_eth_edu_inc[53]     0.0     0.0  1.0   -2.0   -0.8    0.0    0.8    2.0   500    1
alpha_age_sex_eth_edu_inc[54]    -0.1     0.0  1.0   -1.9   -0.7   -0.1    0.5    2.0   500    1
alpha_age_sex_eth_edu_inc[55]     0.0     0.0  0.9   -1.8   -0.7    0.0    0.6    1.8   500    1
alpha_age_sex_eth_edu_inc[56]     0.0     0.0  0.9   -1.8   -0.7    0.0    0.6    1.9   500    1
alpha_age_sex_eth_edu_inc[57]     0.0     0.0  1.0   -1.9   -0.6    0.0    0.6    1.9   500    1
alpha_age_sex_eth_edu_inc[58]     0.1     0.0  0.9   -1.8   -0.5    0.1    0.7    1.9   500    1
alpha_age_sex_eth_edu_inc[59]     0.2     0.0  0.9   -1.6   -0.4    0.2    0.9    2.0   500    1
alpha_age_sex_eth_edu_inc[60]    -0.1     0.0  0.9   -1.9   -0.7   -0.1    0.5    1.6   500    1
alpha_age_sex_eth_edu_inc[61]     0.0     0.0  1.1   -2.0   -0.7    0.1    0.8    2.0   500    1
alpha_age_sex_eth_edu_inc[62]    -0.2     0.1  1.2   -2.4   -1.0   -0.2    0.6    2.0   500    1
alpha_age_sex_eth_edu_inc[63]     0.0     0.0  1.0   -2.0   -0.7    0.0    0.6    2.1   500    1
alpha_age_sex_eth_edu_inc[64]     0.0     0.0  0.9   -1.8   -0.6    0.0    0.6    1.6   500    1
alpha_age_sex_eth_edu_inc[65]     0.2     0.0  1.0   -1.7   -0.5    0.2    0.8    2.1   500    1
alpha_age_sex_eth_edu_inc[66]     0.0     0.0  1.1   -2.0   -0.7   -0.1    0.7    2.1   500    1
alpha_age_sex_eth_edu_inc[67]    -0.1     0.0  1.0   -1.8   -0.8   -0.1    0.6    1.9   500    1
alpha_age_sex_eth_edu_inc[68]    -0.2     0.0  1.0   -2.1   -0.8   -0.2    0.5    1.7   500    1
alpha_age_sex_eth_edu_inc[69]    -0.1     0.0  1.0   -2.0   -0.8   -0.1    0.5    1.8   500    1
alpha_age_sex_eth_edu_inc[70]    -0.1     0.0  1.0   -1.9   -0.8   -0.1    0.6    1.9   500    1
alpha_age_sex_eth_edu_inc[71]    -0.1     0.0  1.0   -2.0   -0.7    0.0    0.5    1.9   500    1
alpha_age_sex_eth_edu_inc[72]    -0.1     0.0  1.0   -1.9   -0.8   -0.1    0.7    1.9   500    1
alpha_age_sex_eth_edu_inc[73]     0.0     0.0  1.0   -1.9   -0.7   -0.1    0.6    1.8   500    1
alpha_age_sex_eth_edu_inc[74]     0.1     0.0  1.1   -2.1   -0.7    0.2    0.8    2.2   500    1
alpha_age_sex_eth_edu_inc[75]    -0.1     0.0  1.1   -2.0   -0.8   -0.1    0.7    2.0   500    1
alpha_age_sex_eth_edu_inc[76]     0.0     0.0  0.9   -1.7   -0.6    0.0    0.5    1.9   500    1
alpha_age_sex_eth_edu_inc[77]    -0.1     0.0  1.1   -2.5   -0.8   -0.2    0.6    1.9   500    1
alpha_age_sex_eth_edu_inc[78]     0.1     0.0  1.1   -1.8   -0.6    0.0    0.9    2.0   500    1
alpha_age_sex_eth_edu_inc[79]    -0.1     0.0  1.0   -2.1   -0.7   -0.1    0.7    1.9   500    1
alpha_age_sex_eth_edu_inc[80]     0.2     0.0  1.1   -1.9   -0.5    0.2    0.9    2.2   500    1
alpha_age_sex_eth_edu_inc[81]     0.0     0.0  1.0   -1.8   -0.7   -0.1    0.7    2.1   500    1
alpha_age_sex_eth_edu_inc[82]     0.0     0.0  1.0   -1.9   -0.7    0.0    0.6    1.9   500    1
alpha_age_sex_eth_edu_inc[83]     0.0     0.0  0.9   -1.8   -0.7    0.0    0.6    1.8   500    1
alpha_age_sex_eth_edu_inc[84]    -0.1     0.0  1.0   -2.1   -0.8   -0.2    0.5    1.7   500    1
alpha_age_sex_eth_edu_inc[85]     0.1     0.0  1.0   -1.9   -0.6    0.0    0.7    2.1   500    1
alpha_age_sex_eth_edu_inc[86]     0.0     0.0  0.9   -1.9   -0.7   -0.1    0.6    1.9   500    1
alpha_age_sex_eth_edu_inc[87]     0.0     0.0  1.1   -2.2   -0.6    0.1    0.7    2.2   500    1
alpha_age_sex_eth_edu_inc[88]     0.1     0.0  1.0   -2.1   -0.6    0.1    0.7    1.9   500    1
 [ reached getOption("max.print") -- omitted 1492 rows ]

For each parameter, n_eff is a crude measure of effective sample size,
and Rhat is the potential scale reduction factor on split chains (at 
convergence, Rhat=1).
